0	1
1	1
2	1
3	0
4	0
5	1
6	1
7	1
8	1
9	0
10	1
11	1
12	1
13	1
14	0
15	1
16	1
17	0
18	1
19	1
20	0
21	0
22	0
23	1
24	1
25	0
26	0
27	1
28	1
29	0
30	1
31	1
32	0
33	1
34	1
35	1
36	1
37	1
38	1
39	1
40	1
41	0
42	1
43	1
44	0
45	1
46	0
47	0
48	1
49	0
50	0
51	1
52	0
53	1
54	1
55	1
56	1
57	1
58	1
59	1
60	1
61	0
62	0
63	1
64	1
65	1
66	1
67	1
68	1
69	1
70	1
71	1
72	1
73	0
74	0
75	1
76	1
77	0
78	1
79	1
80	0
81	0
82	1
83	0
84	1
85	1
86	0
87	0
88	1
89	0
90	1
91	1
92	1
93	1
94	1
95	1
96	1
97	1
98	0
99	1
100	1
101	0
102	1
103	1
104	1
105	1
106	1
107	0
108	1
109	1
110	0
111	1
112	1
113	0
114	0
115	1
116	1
117	1
118	0
119	1
120	0
121	1
122	1
123	1
124	0
125	1
126	1
127	1
128	0
129	1
130	1
131	1
132	1
133	1
134	1
135	1
136	1
137	0
138	1
139	0
140	0
141	1
142	1
143	1
144	1
145	1
146	1
147	1
148	1
149	1
150	1
151	1
152	1
153	0
154	1
155	0
156	1
157	0
158	1
159	1
160	0
161	1
162	0
163	0
164	1
165	1
166	0
167	1
168	1
169	1
170	1
171	1
172	1
173	0
174	0
175	1
176	0
177	0
178	1
179	0
180	1
181	1
182	1
183	1
184	1
185	1
186	1
187	1
188	1
189	1
190	1
191	0
192	1
193	1
194	1
195	1
196	0
197	1
198	1
199	1
200	1
201	1
202	1
203	1
204	0
205	1
206	1
207	1
208	0
209	1
210	0
211	1
212	1
213	1
214	0
215	1
216	1
217	0
218	1
219	1
220	0
221	1
222	0
223	0
224	1
225	1
226	1
227	0
228	1
229	0
230	1
231	1
232	1
233	1
234	0
235	1
236	1
237	1
238	1
239	0
240	1
241	1
242	0
243	1
244	1
245	1
246	0
247	0
248	0
249	0
250	0
251	1
252	1
253	1
254	1
255	0
256	1
257	1
258	0
259	1
260	1
261	1
262	1
263	0
264	1
265	1
266	1
267	1
268	1
269	1
270	1
271	1
272	0
273	1
274	1
275	0
276	1
277	1
278	1
279	1
280	1
281	0
282	1
283	1
284	1
285	1
286	0
287	1
288	1
289	1
290	0
291	0
292	1
293	1
294	1
295	1
296	0
297	1
298	1
299	0
300	1
301	0
302	1
303	0
304	0
305	1
306	1
307	1
308	1
309	1
310	1
311	1
312	1
313	0
314	1
315	1
316	1
317	0
318	1
319	1
320	0
321	0
322	1
323	0
324	0
325	0
326	1
327	1
328	1
329	0
330	1
331	0
332	1
333	0
334	0
335	0
336	1
337	1
338	0
339	0
340	1
341	1
342	1
343	1
344	1
345	1
346	1
347	1
348	1
349	1
350	1
351	1
352	1
353	0
354	1
355	1
356	1
357	1
358	1
359	1
360	1
361	0
362	1
363	0
364	1
365	0
366	0
367	1
368	0
369	1
370	0
371	1
372	1
373	0
374	0
375	1
376	1
377	1
378	0
379	1
380	1
381	1
382	1
383	1
384	1
385	0
386	1
387	0
388	1
389	1
390	0
391	1
392	0
393	1
394	0
395	1
396	1
397	1
398	1
399	1
400	0
401	1
402	1
403	1
404	1
405	1
406	1
407	0
408	0
409	1
410	0
411	1
412	1
413	1
414	0
415	0
416	1
417	0
418	0
419	0
420	1
421	1
422	0
423	0
424	1
425	1
426	0
427	0
428	1
429	1
430	0
431	1
432	0
433	1
434	0
435	0
436	1
437	0
438	1
439	0
440	1
441	1
442	1
443	1
444	1
445	1
446	1
447	1
448	1
449	1
450	1
451	1
452	1
453	1
454	1
455	1
456	1
457	0
458	1
459	1
460	0
461	0
462	1
463	1
464	0
465	1
466	1
467	1
468	1
469	1
470	1
471	1
472	1
473	0
474	1
475	1
476	0
477	0
478	0
479	1
480	1
481	1
482	1
483	1
484	1
485	1
486	1
487	0
488	1
489	1
490	0
491	0
492	1
493	0
494	0
495	1
496	1
497	1
498	0
499	1
500	1
501	1
502	1
503	0
504	1
505	1
506	1
507	0
508	1
509	0
510	1
511	0
512	1
513	1
514	1
515	1
516	1
517	0
518	0
519	0
520	1
521	1
522	0
523	0
524	1
525	1
526	1
527	0
528	1
529	0
530	0
531	1
532	1
533	1
534	1
535	1
536	1
537	1
538	1
539	1
540	1
541	1
542	0
543	0
544	0
545	0
546	1
547	1
548	1
549	1
550	1
551	1
552	0
553	1
554	1
555	1
556	1
557	0
558	1
559	1
560	0
561	1
562	1
563	0
564	1
565	1
566	1
567	1
568	1
569	1
570	1
571	1
572	1
573	1
574	1
575	0
576	0
577	1
578	1
579	0
580	0
581	1
582	1
583	1
584	0
585	1
586	0
587	1
588	1
589	1
590	1
591	1
592	0
593	1
594	1
595	1
596	1
597	0
598	1
599	1
600	0
601	0
602	1
603	1
604	0
605	1
606	1
607	0
608	1
609	1
610	1
611	1
612	1
613	1
614	0
615	0
616	0
617	1
618	1
619	1
620	0
621	0
622	1
623	1
624	1
625	1
626	1
627	1
628	0
629	1
630	1
631	0
632	0
633	1
634	1
635	1
636	1
637	1
638	1
639	1
640	1
641	1
642	1
643	0
644	1
645	0
646	1
647	1
648	1
649	0
650	0
651	0
652	1
653	0
654	1
655	0
656	1
657	0
658	0
659	0
660	1
661	1
662	1
663	1
664	1
665	0
666	1
667	1
668	1
669	0
670	1
671	1
672	1
673	1
674	1
675	1
676	1
677	1
678	1
679	1
680	1
681	1
682	1
683	1
684	1
685	1
686	1
687	0
688	1
689	1
690	1
691	0
692	1
693	1
694	1
695	1
696	0
697	1
698	1
699	1
700	1
701	1
702	1
703	1
704	1
705	1
706	0
707	1
708	1
709	1
710	1
711	1
712	1
713	0
714	1
715	1
716	1
717	0
718	1
719	1
720	0
721	1
722	1
723	1
724	1
725	1
726	1
727	1
728	0
729	1
730	1
731	1
732	0
733	1
734	1
735	0
736	0
737	1
738	0
739	1
740	1
741	1
742	0
743	1
744	0
745	1
746	1
747	1
748	1
749	1
750	1
751	0
752	0
753	1
754	1
755	1
756	0
757	1
758	1
759	1
760	1
761	1
762	1
763	0
764	1
765	1
766	1
767	1
768	1
769	0
770	1
771	1
772	1
773	0
774	1
775	1
776	1
777	1
778	1
779	1
780	1
781	1
782	1
783	1
784	0
785	1
786	0
787	1
788	1
789	1
790	1
791	0
792	1
793	1
794	1
795	1
796	1
797	1
798	1
799	0
800	1
801	1
802	1
803	1
804	1
805	1
806	1
807	0
808	1
809	0
810	1
811	0
812	1
813	1
814	1
815	1
816	1
817	1
818	1
819	1
820	0
821	1
822	1
823	1
824	1
825	1
826	1
827	1
828	1
829	1
830	1
831	1
832	0
833	1
834	1
835	1
836	1
837	0
838	1
839	1
840	1
841	1
842	1
843	1
844	1
845	0
846	1
847	1
848	1
849	0
850	1
851	1
852	0
853	1
854	1
855	1
856	1
857	1
858	1
859	1
860	0
861	1
862	0
863	1
864	1
865	1
866	0
867	1
868	1
869	1
870	0
871	1
872	1
873	1
874	1
875	1
876	1
877	0
878	1
879	0
880	1
881	1
882	1
883	1
884	1
885	1
886	0
887	1
888	1
889	1
890	1
891	1
892	1
893	1
894	1
895	0
896	1
897	1
898	0
899	1
900	1
901	1
902	1
903	1
904	1
905	1
906	1
907	1
908	1
909	1
910	1
911	1
912	1
913	1
914	1
915	1
916	1
917	0
918	1
919	0
920	0
921	0
922	1
923	0
924	0
925	0
926	0
927	1
928	0
929	1
930	1
931	0
932	1
933	0
934	1
935	1
936	0
937	1
938	1
939	0
940	1
941	1
942	1
943	1
944	1
945	1
946	1
947	1
948	1
949	1
950	1
951	0
952	0
953	0
954	1
955	1
956	0
957	1
958	1
959	1
960	1
961	1
962	1
963	0
964	1
965	1
966	0
967	0
968	0
969	0
970	0
971	1
972	1
973	1
974	1
975	1
976	1
977	1
978	0
979	0
980	1
981	1
982	0
983	0
984	1
985	1
986	1
987	1
988	1
989	1
990	1
991	0
992	0
993	1
994	1
995	1
996	1
997	1
998	1
999	1
1000	0
1001	1
1002	1
1003	1
1004	1
1005	1
1006	1
1007	1
1008	1
1009	0
1010	1
1011	1
1012	1
1013	0
1014	1
1015	1
1016	1
1017	1
1018	1
1019	1
1020	1
1021	1
1022	1
1023	1
1024	1
1025	1
1026	0
1027	0
1028	1
1029	0
1030	0
1031	1
1032	1
1033	0
1034	1
1035	1
1036	1
1037	1
1038	1
1039	1
1040	1
1041	1
1042	0
1043	1
1044	1
1045	1
1046	1
1047	1
1048	1
1049	1
1050	1
1051	1
1052	1
1053	1
1054	1
1055	1
1056	1
1057	0
1058	0
1059	1
1060	0
1061	0
1062	0
1063	1
1064	1
1065	1
1066	0
1067	1
1068	1
1069	1
1070	1
1071	1
1072	1
1073	0
1074	0
1075	1
1076	1
1077	1
1078	1
1079	1
1080	1
1081	1
1082	1
1083	1
1084	1
1085	1
1086	1
1087	1
1088	1
1089	0
1090	1
1091	1
1092	1
1093	1
1094	1
1095	0
1096	0
1097	1
1098	1
1099	1
1100	1
1101	1
1102	1
1103	0
1104	1
1105	1
1106	1
1107	1
1108	1
1109	0
1110	0
1111	0
1112	1
1113	1
1114	1
1115	1
1116	1
1117	1
1118	0
1119	1
1120	0
1121	1
1122	0
1123	1
1124	1
1125	1
1126	0
1127	0
1128	0
1129	1
1130	1
1131	1
1132	1
1133	0
1134	1
1135	1
1136	1
1137	0
1138	1
1139	0
1140	0
1141	1
1142	1
1143	1
1144	1
1145	1
1146	1
1147	0
1148	1
1149	1
1150	1
1151	0
1152	1
1153	1
1154	1
1155	1
1156	1
1157	1
1158	0
1159	0
1160	0
1161	1
1162	0
1163	1
1164	1
1165	1
1166	0
1167	1
1168	1
1169	1
1170	0
1171	1
1172	0
1173	1
1174	1
1175	1
1176	1
1177	0
1178	1
1179	0
1180	1
1181	0
1182	1
1183	1
1184	1
1185	1
1186	0
1187	1
1188	1
1189	1
1190	1
1191	1
1192	0
1193	1
1194	1
1195	1
1196	1
1197	1
1198	1
1199	1
1200	1
1201	1
1202	1
1203	1
1204	1
1205	1
1206	1
1207	1
1208	1
1209	1
1210	1
1211	1
1212	1
1213	0
1214	1
1215	0
1216	1
1217	1
1218	1
1219	0
1220	1
1221	0
1222	1
1223	1
1224	1
1225	1
1226	0
1227	1
1228	1
1229	0
1230	1
1231	1
1232	0
1233	0
1234	1
1235	0
1236	1
1237	1
1238	0
1239	0
1240	1
1241	1
1242	1
1243	1
1244	1
1245	1
1246	1
1247	1
1248	0
1249	1
1250	1
1251	0
1252	1
1253	1
1254	1
1255	1
1256	1
1257	1
1258	0
1259	0
1260	1
1261	1
1262	0
1263	1
1264	0
1265	1
1266	0
1267	0
1268	1
1269	0
1270	1
1271	0
1272	1
1273	1
1274	0
1275	0
1276	1
1277	0
1278	1
1279	1
1280	0
1281	1
1282	0
1283	1
1284	0
1285	1
1286	1
1287	1
1288	1
1289	1
1290	1
1291	1
1292	1
1293	1
1294	1
1295	1
1296	1
1297	0
1298	1
1299	1
1300	1
1301	0
1302	1
1303	0
1304	1
1305	0
1306	1
1307	0
1308	1
1309	0
1310	1
1311	1
1312	1
1313	1
1314	1
1315	1
1316	1
1317	1
1318	1
1319	0
1320	1
1321	1
1322	0
1323	1
1324	1
1325	1
1326	1
1327	1
1328	1
1329	0
1330	0
1331	1
1332	1
1333	0
1334	1
1335	1
1336	1
1337	1
1338	1
1339	1
1340	0
1341	1
1342	0
1343	1
1344	1
1345	1
1346	1
1347	1
1348	0
1349	0
1350	1
1351	0
1352	1
1353	1
1354	0
1355	0
1356	1
1357	1
1358	0
1359	1
1360	1
1361	0
1362	1
1363	0
1364	0
1365	0
1366	0
1367	1
1368	1
1369	1
1370	1
1371	0
1372	0
1373	0
1374	1
1375	1
1376	0
1377	0
1378	0
1379	1
1380	0
1381	1
1382	1
1383	1
1384	0
1385	0
1386	0
1387	1
1388	1
1389	1
1390	1
1391	1
1392	1
1393	1
1394	0
1395	1
1396	1
1397	0
1398	1
1399	1
1400	1
1401	0
1402	1
1403	1
1404	0
1405	0
1406	1
1407	0
1408	1
1409	0
1410	1
1411	1
1412	1
1413	1
1414	1
1415	1
1416	0
1417	0
1418	0
1419	1
1420	0
1421	1
1422	1
1423	1
1424	0
1425	1
1426	1
1427	1
1428	1
1429	1
1430	0
1431	0
1432	0
1433	1
1434	1
1435	1
1436	0
1437	0
1438	1
1439	0
1440	0
1441	0
1442	1
1443	0
1444	1
1445	1
1446	1
1447	1
1448	0
1449	0
1450	1
1451	1
1452	1
1453	1
1454	1
1455	1
1456	1
1457	1
1458	0
1459	0
1460	1
1461	1
1462	0
1463	0
1464	0
1465	1
1466	1
1467	0
1468	1
1469	0
1470	1
1471	1
1472	1
1473	1
1474	0
1475	1
1476	0
1477	1
1478	1
1479	1
1480	1
1481	1
1482	1
1483	1
1484	0
1485	1
1486	0
1487	1
1488	1
1489	0
1490	1
1491	1
1492	1
1493	0
1494	0
1495	0
1496	1
1497	1
1498	0
1499	0
1500	1
1501	0
1502	1
1503	1
1504	0
1505	0
1506	0
1507	1
1508	1
1509	1
1510	0
1511	1
1512	1
1513	0
1514	0
1515	1
1516	0
1517	1
1518	1
1519	1
1520	1
1521	1
1522	0
1523	1
1524	1
1525	0
1526	1
1527	1
1528	0
1529	0
1530	1
1531	1
1532	0
1533	1
1534	1
1535	1
1536	1
1537	1
1538	1
1539	1
1540	0
1541	1
1542	1
1543	1
1544	1
1545	0
1546	1
1547	0
1548	1
1549	0
1550	1
1551	1
1552	1
1553	0
1554	0
1555	1
1556	1
1557	1
1558	0
1559	0
1560	1
1561	1
1562	1
1563	1
1564	1
1565	1
1566	0
1567	1
1568	1
1569	1
1570	1
1571	1
1572	0
1573	1
1574	0
1575	1
1576	1
1577	1
1578	0
1579	1
1580	1
1581	1
1582	1
1583	0
1584	1
1585	0
1586	1
1587	1
1588	1
1589	1
1590	1
1591	1
1592	1
1593	1
1594	1
1595	0
1596	1
1597	0
1598	1
1599	0
1600	1
1601	1
1602	1
1603	0
1604	1
1605	0
1606	1
1607	1
1608	1
1609	1
1610	0
1611	1
1612	0
1613	1
1614	0
1615	1
1616	0
1617	1
1618	1
1619	0
1620	1
1621	1
1622	1
1623	1
1624	1
1625	1
1626	0
1627	0
1628	1
1629	0
1630	1
1631	1
1632	1
1633	0
1634	0
1635	1
1636	1
1637	0
1638	0
1639	0
1640	1
1641	0
1642	0
1643	0
1644	0
1645	1
1646	1
1647	1
1648	1
1649	0
1650	1
1651	1
1652	1
1653	1
1654	0
1655	1
1656	1
1657	0
1658	0
1659	0
1660	0
1661	1
1662	1
1663	1
1664	0
1665	1
1666	0
1667	1
1668	0
1669	1
1670	0
1671	1
1672	1
1673	1
1674	1
1675	0
1676	0
1677	0
1678	1
1679	0
1680	1
1681	0
1682	1
1683	1
1684	0
1685	0
1686	1
1687	0
1688	0
1689	0
1690	1
1691	1
1692	0
1693	1
1694	1
1695	0
1696	1
1697	0
1698	1
1699	0
1700	1
1701	1
1702	0
1703	1
