0	1
1	1
2	0
3	0
4	1
5	0
6	1
7	0
8	0
9	1
10	0
11	0
12	0
13	0
14	1
15	0
16	0
17	1
18	0
19	0
20	0
21	0
22	1
23	0
24	1
25	0
26	0
27	0
28	0
29	1
30	0
31	0
32	0
33	1
34	1
35	1
36	1
37	0
38	1
39	0
40	1
41	0
42	0
43	1
44	0
45	0
46	1
47	0
48	0
49	0
50	0
51	1
52	1
53	0
54	0
55	1
56	1
57	0
58	0
59	0
60	0
61	1
62	0
63	1
64	0
65	1
66	1
67	0
68	0
69	0
70	0
71	0
72	0
73	0
74	0
75	0
76	0
77	1
78	0
79	1
80	0
81	0
82	0
83	0
84	1
85	1
86	1
87	0
88	0
89	0
90	0
91	0
92	1
93	0
94	0
95	0
96	1
97	0
98	1
99	1
100	0
101	0
102	1
103	0
104	1
105	1
106	0
107	1
108	0
109	0
110	0
111	0
112	0
113	0
114	1
115	1
116	0
117	0
118	0
119	0
120	0
121	1
122	1
123	1
124	0
125	0
126	0
127	1
128	0
129	0
130	1
131	0
132	1
133	1
134	1
135	0
136	1
137	0
138	0
139	0
140	1
141	0
142	0
143	0
144	1
145	0
146	0
147	1
148	1
149	0
150	0
151	0
152	1
153	1
154	0
155	0
156	1
157	0
158	0
159	0
160	0
161	0
162	0
163	0
164	1
165	0
166	0
167	1
168	0
169	0
170	1
171	1
172	0
173	0
174	1
175	0
176	0
177	0
178	0
179	1
180	0
181	0
182	0
183	0
184	0
185	0
186	0
187	1
188	1
189	0
190	1
191	1
192	0
193	0
194	0
195	0
196	1
197	0
198	0
199	0
200	1
201	0
202	0
203	0
204	1
205	0
206	0
207	1
208	0
209	0
210	0
211	1
212	0
213	0
214	0
215	0
216	0
217	0
218	0
219	0
220	0
221	1
222	1
223	0
224	1
225	1
226	0
227	0
228	0
229	0
230	0
231	0
232	0
233	1
234	1
235	0
236	1
237	1
238	0
239	0
240	1
241	1
242	1
243	1
244	0
245	0
246	0
247	0
248	0
249	0
250	0
251	0
252	0
253	0
254	0
255	0
256	0
257	1
258	0
259	0
260	0
261	0
262	0
263	0
264	0
265	0
266	0
267	1
268	0
269	1
270	0
271	0
272	1
273	1
274	1
275	0
276	0
277	0
278	1
279	1
280	1
281	1
282	0
283	1
284	1
285	0
286	0
287	0
288	0
289	0
290	0
291	0
292	0
293	1
294	1
295	1
296	1
297	1
298	0
299	1
300	0
301	0
302	0
303	0
304	1
305	0
306	0
307	0
308	1
309	0
310	0
311	0
312	0
313	0
314	1
315	1
316	0
317	1
318	0
319	0
320	0
321	0
322	1
323	0
324	0
325	1
326	0
327	0
328	0
329	0
330	1
331	1
332	1
333	0
334	0
335	0
336	0
337	1
338	1
339	0
340	0
341	1
342	1
343	1
344	1
345	0
346	0
347	1
348	0
349	0
350	0
351	1
352	0
353	0
354	0
355	1
356	0
357	1
358	1
359	0
360	0
361	1
362	0
363	1
364	1
365	0
366	0
367	1
368	0
369	0
370	0
371	0
372	1
373	0
374	0
375	1
376	0
377	0
378	0
379	1
380	1
381	1
382	0
383	1
384	1
385	0
386	1
387	0
388	0
389	1
390	0
391	0
392	1
393	0
394	1
395	0
396	1
397	0
398	0
399	0
400	0
401	0
402	1
403	0
404	0
405	1
406	1
407	1
408	1
409	1
410	0
411	0
412	0
413	1
414	1
415	0
416	0
417	1
418	0
419	1
420	1
421	0
422	0
423	0
424	1
425	1
426	0
427	1
428	0
429	0
430	1
431	0
432	0
433	0
434	0
435	1
436	1
437	0
438	0
439	0
440	1
441	0
442	1
443	0
444	1
445	0
446	1
447	0
448	1
449	0
450	0
451	1
452	0
453	0
454	0
455	0
456	1
457	0
458	1
459	0
460	0
461	0
462	1
463	0
464	1
465	1
466	1
467	1
468	1
469	0
470	1
471	0
472	1
473	1
474	0
475	0
476	0
477	0
478	0
479	0
480	1
481	1
482	1
483	1
484	0
485	1
486	0
487	0
488	0
489	0
490	1
491	1
492	0
493	0
494	0
495	0
496	1
497	0
498	0
499	0
500	1
501	0
502	1
503	1
504	1
505	0
506	0
507	1
508	0
509	0
510	1
511	0
512	0
513	0
514	1
515	0
516	0
517	0
518	0
519	0
520	0
521	1
522	1
523	0
524	0
525	0
526	0
527	1
528	0
529	1
530	1
531	1
532	0
533	1
534	0
535	0
536	0
537	0
538	1
539	1
540	1
541	1
542	0
543	0
544	1
545	1
546	0
547	1
548	0
549	0
550	1
551	0
552	0
553	1
554	1
555	0
556	1
557	1
558	0
559	0
560	0
561	1
562	0
563	1
564	0
565	1
566	0
567	0
568	0
569	0
570	0
571	0
572	1
573	1
574	1
575	0
576	1
577	0
578	0
579	0
580	0
581	0
582	0
583	0
584	0
585	1
586	1
587	0
588	1
589	0
590	1
591	0
592	0
593	0
594	0
595	0
596	0
597	0
598	0
599	0
600	1
601	0
602	0
603	0
604	1
605	1
606	0
607	0
608	0
609	0
610	1
611	1
612	0
613	0
614	0
615	1
616	0
617	1
618	1
619	0
620	0
621	1
622	0
623	1
624	0
625	1
626	0
627	0
628	0
629	1
630	1
631	0
632	0
633	1
634	1
635	1
636	0
637	0
638	1
639	0
640	0
641	1
642	0
643	1
644	1
645	0
646	1
647	0
648	0
649	0
650	1
651	0
652	0
653	0
654	0
655	0
656	1
657	0
658	0
659	0
660	1
661	0
662	1
663	0
664	0
665	1
666	0
667	0
668	0
669	1
670	1
671	0
672	0
673	1
674	1
675	0
676	1
677	0
678	0
679	0
680	0
681	1
682	0
683	1
684	0
685	0
686	0
687	1
688	0
689	0
690	0
691	1
692	0
693	1
694	1
695	0
696	0
697	0
698	0
699	0
700	1
701	0
702	1
703	1
704	0
705	0
706	1
707	0
708	1
709	0
710	0
711	1
712	0
713	0
714	0
715	0
716	1
717	1
718	0
719	0
720	0
721	1
722	1
723	0
724	1
725	0
726	0
727	1
728	0
729	0
730	0
731	1
732	1
733	0
734	1
735	0
736	0
737	0
738	1
739	1
740	1
741	0
742	0
743	1
744	1
745	0
746	1
747	0
748	0
749	0
750	1
751	0
752	1
753	1
754	1
755	0
756	0
757	1
758	1
759	0
760	1
761	0
762	1
763	0
764	0
765	0
766	0
767	0
768	1
769	1
770	0
771	0
772	0
773	0
774	0
775	0
776	1
777	0
778	0
779	1
780	0
781	1
782	0
783	0
784	1
785	1
786	1
787	1
788	0
789	1
790	0
791	0
792	0
793	1
794	0
795	0
796	0
797	0
798	0
799	0
800	0
801	0
802	0
803	0
804	0
805	1
806	0
807	1
808	0
809	1
810	0
811	0
812	1
813	0
814	0
815	0
816	0
817	1
818	0
819	1
820	0
821	0
822	1
823	1
824	0
825	1
826	1
827	0
828	1
829	0
830	0
831	0
832	0
833	0
834	0
835	0
836	0
837	1
838	0
839	0
840	0
841	0
842	0
843	0
844	0
845	1
846	0
847	0
848	0
849	0
850	1
851	0
852	0
853	0
854	0
855	0
856	0
857	1
858	1
859	0
860	1
861	0
862	0
863	0
864	1
865	1
866	1
867	0
868	1
869	1
870	1
871	0
872	0
873	0
874	1
875	0
876	0
877	1
878	0
879	0
880	1
881	0
882	0
883	1
884	0
885	1
886	1
887	0
888	0
889	0
890	1
891	1
892	0
893	1
894	1
895	0
896	1
897	1
898	0
899	0
900	0
901	1
902	1
903	1
904	1
905	1
906	1
907	1
908	1
909	1
910	0
911	1
912	1
913	1
914	0
915	1
916	1
917	1
918	1
919	0
920	0
921	1
922	1
923	1
924	0
925	0
926	1
927	1
928	0
929	1
930	1
931	0
932	0
933	0
934	1
935	1
936	1
937	0
938	0
939	1
940	0
941	0
942	0
943	0
944	1
945	0
946	0
947	0
948	1
949	1
950	1
951	1
952	1
953	1
954	1
955	0
956	0
957	0
958	0
959	0
960	0
961	1
962	1
963	0
964	0
965	1
966	0
967	0
968	0
969	1
970	0
971	0
972	1
973	0
974	0
975	0
976	1
977	1
978	1
979	1
980	0
981	0
982	0
983	0
984	1
985	0
986	0
987	0
988	1
989	1
990	0
991	0
992	0
993	1
994	0
995	0
996	0
997	1
998	0
999	1
1000	1
1001	1
1002	0
1003	0
1004	1
1005	0
1006	0
1007	1
1008	0
1009	1
1010	1
1011	1
1012	1
1013	0
1014	0
1015	0
1016	0
1017	0
1018	0
1019	0
1020	1
1021	0
1022	0
1023	0
1024	1
1025	0
1026	1
1027	0
1028	0
1029	0
1030	1
1031	1
1032	1
1033	0
1034	0
1035	0
1036	1
1037	0
1038	1
1039	1
1040	1
1041	0
1042	0
1043	1
1044	0
1045	1
1046	1
1047	0
1048	1
1049	0
1050	0
1051	1
1052	0
1053	1
1054	1
1055	0
1056	1
1057	1
1058	0
1059	0
1060	0
1061	1
1062	1
1063	0
1064	0
1065	0
1066	0
1067	0
1068	1
1069	0
1070	0
1071	0
1072	0
1073	0
1074	0
1075	1
1076	0
1077	1
1078	1
1079	1
1080	1
1081	0
1082	0
1083	1
1084	0
1085	0
1086	0
1087	0
1088	1
1089	0
1090	1
1091	0
1092	0
1093	0
1094	0
1095	1
1096	0
1097	0
1098	0
1099	0
1100	0
1101	1
1102	0
1103	1
1104	0
1105	0
1106	1
1107	0
1108	1
1109	0
1110	0
1111	0
1112	0
1113	0
1114	0
1115	0
1116	0
1117	0
1118	1
1119	1
1120	1
1121	0
1122	1
1123	1
1124	0
1125	1
1126	0
1127	0
1128	0
1129	0
1130	0
1131	1
1132	0
1133	0
1134	0
1135	1
1136	1
1137	0
1138	0
1139	1
1140	0
1141	0
1142	0
1143	0
1144	0
1145	0
1146	0
1147	0
1148	0
1149	0
1150	0
1151	0
1152	1
1153	1
1154	1
1155	0
1156	1
1157	0
1158	0
1159	0
1160	1
1161	1
1162	0
1163	0
1164	0
1165	0
1166	0
1167	0
1168	0
1169	0
1170	0
1171	0
1172	1
1173	1
1174	1
1175	0
1176	0
1177	1
1178	0
1179	0
1180	1
1181	0
1182	0
1183	1
1184	1
1185	0
1186	0
1187	0
1188	1
1189	1
1190	1
1191	0
1192	1
1193	0
1194	0
1195	0
1196	1
1197	0
1198	1
1199	1
1200	0
1201	0
1202	0
1203	0
1204	0
1205	0
1206	0
1207	0
1208	0
1209	0
1210	0
1211	1
1212	0
1213	1
1214	0
1215	0
1216	0
1217	0
1218	1
1219	0
1220	0
1221	1
1222	1
1223	0
1224	0
1225	0
1226	0
1227	0
1228	0
1229	0
1230	0
1231	1
1232	0
1233	0
1234	0
1235	0
1236	0
1237	0
1238	0
1239	0
1240	1
1241	1
1242	1
1243	0
1244	0
1245	1
1246	0
1247	0
1248	0
1249	0
1250	1
1251	0
1252	0
1253	0
1254	0
1255	0
1256	0
1257	0
1258	0
1259	1
1260	1
1261	1
1262	0
1263	1
1264	0
1265	0
1266	0
1267	1
1268	0
1269	0
1270	0
1271	0
1272	0
1273	0
1274	1
1275	1
1276	1
1277	1
1278	1
1279	0
1280	1
1281	1
1282	0
1283	0
1284	1
1285	0
1286	1
1287	1
1288	0
1289	0
1290	0
1291	0
1292	0
1293	0
1294	0
1295	0
1296	0
1297	1
1298	1
1299	0
1300	0
1301	0
1302	1
1303	1
1304	0
1305	1
1306	1
1307	0
1308	0
1309	1
1310	1
1311	0
1312	1
1313	1
1314	0
1315	1
1316	1
1317	0
1318	0
1319	0
1320	0
1321	0
1322	0
1323	0
1324	0
1325	0
1326	0
1327	1
1328	0
1329	0
1330	0
1331	0
1332	0
1333	0
1334	0
1335	1
1336	0
1337	0
1338	0
1339	0
1340	1
1341	0
1342	1
1343	0
1344	0
1345	0
1346	0
1347	1
1348	0
1349	1
1350	0
1351	1
1352	0
1353	1
1354	0
1355	1
1356	0
1357	0
1358	0
1359	0
1360	1
1361	0
1362	0
1363	0
1364	0
1365	1
1366	1
1367	1
1368	0
1369	1
1370	1
1371	1
1372	0
1373	0
1374	0
1375	0
1376	0
1377	0
1378	1
1379	1
1380	0
1381	0
1382	0
1383	0
1384	0
1385	0
1386	1
1387	0
1388	0
1389	0
1390	0
1391	1
1392	0
1393	1
1394	0
1395	1
1396	0
1397	1
1398	1
1399	0
1400	0
1401	1
1402	0
1403	0
1404	0
1405	0
1406	0
1407	0
1408	0
1409	1
1410	0
1411	1
1412	0
1413	1
1414	0
1415	1
1416	0
1417	0
1418	0
1419	0
1420	0
1421	0
1422	1
1423	0
1424	0
1425	0
1426	1
1427	0
1428	0
1429	0
1430	1
1431	0
1432	0
1433	1
1434	1
1435	1
1436	0
1437	1
1438	0
1439	0
1440	0
1441	1
1442	0
1443	0
1444	1
1445	1
1446	1
1447	1
1448	1
1449	1
1450	0
1451	0
1452	1
1453	1
1454	1
1455	1
1456	0
1457	0
1458	1
1459	0
1460	0
1461	1
1462	0
1463	0
1464	1
1465	0
1466	0
1467	0
1468	0
1469	0
1470	0
1471	0
1472	0
1473	0
1474	0
1475	1
1476	0
1477	0
1478	0
1479	0
1480	0
1481	0
1482	0
1483	0
1484	0
1485	0
1486	0
1487	0
1488	1
1489	0
1490	0
1491	1
1492	0
1493	1
1494	0
1495	0
1496	0
1497	1
1498	0
1499	0
1500	1
1501	0
1502	0
1503	1
1504	1
1505	0
1506	0
1507	0
1508	0
1509	1
1510	1
1511	1
1512	0
1513	0
1514	0
1515	1
1516	1
1517	1
1518	0
1519	1
1520	0
1521	0
1522	0
1523	0
1524	0
1525	0
1526	0
1527	0
1528	1
1529	0
1530	1
1531	1
1532	0
1533	0
1534	0
1535	0
1536	0
1537	0
1538	1
1539	1
1540	0
1541	0
1542	0
1543	0
1544	0
1545	0
1546	0
1547	1
1548	1
1549	0
1550	0
1551	1
1552	1
1553	0
1554	0
1555	0
1556	0
1557	0
1558	0
1559	0
1560	0
1561	1
1562	1
1563	0
1564	0
1565	1
1566	0
1567	0
1568	1
1569	1
1570	0
1571	1
1572	0
1573	1
1574	0
1575	0
1576	0
1577	1
1578	0
1579	1
1580	1
1581	1
1582	1
1583	0
1584	1
1585	0
1586	0
1587	1
1588	0
1589	0
1590	0
1591	0
1592	0
1593	0
1594	1
1595	0
1596	0
1597	0
1598	1
1599	0
1600	1
1601	0
1602	1
1603	0
1604	0
1605	1
1606	1
1607	0
1608	0
1609	1
1610	0
1611	1
1612	0
1613	0
1614	0
1615	0
1616	1
1617	1
1618	0
1619	0
1620	0
1621	1
1622	1
1623	1
1624	1
1625	0
1626	0
1627	1
1628	0
1629	0
1630	0
1631	1
1632	1
1633	1
1634	0
1635	0
1636	0
1637	0
1638	0
1639	0
1640	0
1641	0
1642	1
1643	1
1644	0
1645	1
1646	0
1647	0
1648	0
1649	1
1650	0
1651	0
1652	0
1653	1
1654	1
1655	0
1656	0
1657	0
1658	0
1659	0
1660	0
1661	1
1662	0
1663	0
1664	0
1665	1
1666	0
1667	1
1668	0
1669	0
1670	0
1671	1
1672	0
1673	0
1674	0
1675	1
1676	0
1677	1
1678	0
1679	0
1680	0
1681	1
1682	0
1683	0
1684	0
1685	0
1686	1
1687	0
1688	0
1689	0
1690	0
1691	0
1692	0
1693	1
1694	0
1695	0
1696	1
1697	1
1698	0
1699	0
1700	0
1701	1
1702	1
1703	0
1704	1
1705	0
1706	0
1707	0
1708	0
1709	1
1710	0
1711	1
1712	0
1713	1
1714	1
1715	1
1716	1
1717	0
1718	0
1719	1
1720	0
1721	0
1722	0
1723	0
1724	0
1725	0
1726	0
1727	0
1728	1
1729	0
1730	1
1731	1
1732	0
1733	1
1734	0
1735	0
1736	0
1737	0
1738	1
1739	0
1740	1
1741	0
1742	1
1743	0
1744	0
1745	1
1746	1
1747	1
1748	1
1749	0
1750	1
1751	0
1752	0
1753	0
1754	0
1755	0
1756	0
1757	0
1758	0
1759	1
1760	1
1761	0
1762	0
1763	0
1764	0
1765	1
1766	0
1767	0
1768	0
1769	0
1770	0
1771	0
1772	0
1773	0
1774	0
1775	0
1776	1
1777	0
1778	0
1779	0
1780	0
1781	1
1782	1
1783	1
1784	1
1785	1
1786	0
1787	0
1788	1
1789	1
1790	0
1791	1
1792	1
1793	1
1794	0
1795	1
1796	0
1797	0
1798	1
1799	0
1800	0
1801	0
1802	0
1803	0
1804	0
1805	1
1806	0
1807	0
1808	1
1809	1
1810	1
1811	0
1812	0
1813	0
1814	1
1815	0
1816	1
1817	1
1818	0
1819	1
1820	1
1821	0
1822	0
1823	0
1824	1
1825	1
1826	1
1827	0
1828	1
1829	0
1830	0
1831	0
1832	0
1833	0
1834	0
1835	0
1836	1
1837	0
1838	0
1839	1
1840	0
1841	0
1842	0
1843	0
1844	1
1845	1
1846	0
1847	0
1848	0
1849	0
1850	0
1851	0
1852	1
1853	0
1854	1
1855	0
1856	0
1857	1
1858	1
1859	0
1860	1
1861	0
1862	0
1863	0
1864	0
1865	1
1866	0
1867	0
1868	0
1869	0
1870	0
1871	0
1872	1
