0	0
1	0
2	0
3	0
4	1
5	0
6	0
7	1
8	0
9	0
10	1
11	0
12	1
13	0
14	0
15	0
16	0
17	0
18	0
19	1
20	0
21	0
22	0
23	1
24	0
25	0
26	0
27	0
28	1
29	0
30	1
31	0
32	1
33	0
34	0
35	0
36	0
37	0
38	0
39	0
40	0
41	1
42	0
43	1
44	0
45	0
46	0
47	0
48	0
49	1
50	0
51	0
52	0
53	0
54	0
55	0
56	1
57	0
58	0
59	0
60	0
61	0
62	0
63	1
64	1
65	0
66	0
67	0
68	0
69	1
70	0
71	0
72	0
73	0
74	0
75	0
76	0
77	0
78	0
79	1
80	0
81	0
82	0
83	0
84	0
85	0
86	0
87	0
88	0
89	0
90	0
91	1
92	1
93	0
94	0
95	0
96	1
97	1
98	1
99	0
100	0
101	0
102	0
103	0
104	0
105	0
106	0
107	0
108	0
109	0
110	0
111	1
112	0
113	1
114	0
115	1
116	0
117	1
118	0
119	0
120	0
121	1
122	0
123	1
124	1
125	0
126	1
127	0
128	0
129	0
130	1
131	1
132	1
133	1
134	0
135	0
136	0
137	0
138	0
139	0
140	0
141	0
142	0
143	0
144	0
145	0
146	0
147	1
148	0
149	0
150	0
151	0
152	1
153	1
154	0
155	0
156	0
157	0
158	1
159	1
160	0
161	0
162	0
163	0
164	0
165	0
166	1
167	0
168	0
169	0
170	0
171	1
172	0
173	0
174	0
175	0
176	0
177	0
178	0
179	1
180	0
181	0
182	0
183	0
184	0
185	0
186	0
187	0
188	1
189	0
190	1
191	0
192	0
193	1
194	1
195	0
196	0
197	0
198	0
199	1
200	0
201	1
202	0
203	0
204	1
205	1
206	0
207	0
208	0
209	0
210	1
211	0
212	1
213	0
214	1
215	1
216	0
217	1
218	0
219	0
220	1
221	1
222	0
223	0
224	0
225	0
226	1
227	0
228	0
229	0
230	0
231	0
232	0
233	0
234	0
235	1
236	0
237	0
238	0
239	0
240	0
241	1
242	0
243	0
244	0
245	0
246	1
247	0
248	1
249	0
250	1
251	0
252	0
253	0
254	0
255	0
256	0
257	0
258	0
259	0
260	0
261	1
262	0
263	0
264	0
265	1
266	0
267	0
268	1
269	0
270	0
271	1
272	0
273	0
274	0
275	1
276	1
277	0
278	1
279	1
280	0
281	1
282	0
283	1
284	1
285	1
286	1
287	1
288	1
289	0
290	1
291	0
292	1
293	0
294	0
295	0
296	1
297	0
298	0
299	1
300	1
301	1
302	1
303	0
304	1
305	0
306	0
307	0
308	0
309	1
310	0
311	1
312	0
313	0
314	1
315	0
316	1
317	1
318	0
319	0
320	0
321	1
322	1
323	0
324	0
325	0
326	1
327	1
328	0
329	1
330	0
331	1
332	1
333	0
334	1
335	0
336	1
337	0
338	1
339	1
340	1
341	0
342	1
343	0
344	0
345	0
346	0
347	0
348	0
349	0
350	1
351	0
352	1
353	1
354	0
355	0
356	0
357	0
358	0
359	1
360	0
361	1
362	0
363	1
364	0
365	0
366	1
367	1
368	0
369	1
370	0
371	1
372	0
373	0
374	0
375	0
376	0
377	0
378	0
379	1
380	0
381	0
382	1
383	0
384	1
385	1
386	1
387	1
388	1
389	1
390	0
391	0
392	0
393	1
394	0
395	0
396	0
397	1
398	1
399	0
400	0
401	1
402	1
403	0
404	0
405	0
406	0
407	0
408	0
409	1
410	0
411	0
412	1
413	0
414	0
415	0
416	0
417	0
418	0
419	1
420	1
421	0
422	0
423	1
424	0
425	1
426	0
427	1
428	1
429	1
430	0
431	0
432	0
433	0
434	0
435	1
436	0
437	0
438	0
439	0
440	1
441	0
442	0
443	1
444	0
445	1
446	1
447	0
448	0
449	0
450	1
451	1
452	0
453	1
454	0
455	0
456	0
457	0
458	1
459	0
460	0
461	0
462	0
463	0
464	0
465	0
466	0
467	1
468	1
469	0
470	1
471	0
472	0
473	0
474	1
475	1
476	0
477	0
478	0
479	1
480	1
481	0
482	0
483	0
484	1
485	1
486	0
487	0
488	0
489	0
490	1
491	0
492	1
493	0
494	0
495	0
496	0
497	0
498	0
499	0
500	1
501	0
502	0
503	0
504	0
505	0
506	0
507	1
508	0
509	0
510	0
511	0
512	0
513	0
514	0
515	1
516	0
517	1
518	0
519	0
520	1
521	0
522	0
523	0
524	0
525	0
526	0
527	0
528	1
529	0
530	1
531	1
532	0
533	0
534	0
535	1
536	0
537	1
538	0
539	0
540	0
541	0
542	0
543	1
544	0
545	0
546	0
547	0
548	1
549	0
550	0
551	0
552	0
553	0
554	0
555	0
556	0
557	0
558	0
559	0
560	1
561	0
562	0
563	0
564	1
565	1
566	0
567	0
568	0
569	0
570	1
571	0
572	1
573	0
574	0
575	0
576	0
577	0
578	0
579	1
580	0
581	0
582	0
583	1
584	0
585	0
586	0
587	1
588	0
589	0
590	0
591	0
592	0
593	1
594	0
595	1
596	0
597	0
598	0
599	1
600	0
601	0
602	0
603	1
604	0
605	0
606	1
607	0
608	1
609	1
610	0
611	0
612	0
613	0
614	1
615	0
616	0
617	0
618	1
619	0
620	0
621	1
622	1
623	1
624	0
625	1
626	1
627	0
628	0
629	0
630	0
631	1
632	0
633	0
634	1
635	0
636	1
637	0
638	0
639	1
640	1
641	1
642	1
643	0
644	1
645	0
646	1
647	0
648	1
649	0
650	0
651	0
652	0
653	0
654	1
655	1
656	0
657	1
658	0
659	1
660	0
661	0
662	1
663	0
664	0
665	1
666	0
667	0
668	0
669	0
670	0
671	0
672	1
673	0
674	0
675	0
676	0
677	0
678	1
679	0
680	0
681	0
682	0
683	1
684	1
685	0
686	0
687	0
688	1
689	0
690	0
691	0
692	0
693	0
694	0
695	0
696	0
697	0
698	0
699	0
700	0
701	0
702	0
703	0
704	0
705	1
706	0
707	0
708	1
709	0
710	1
711	1
712	0
713	0
714	0
715	0
716	1
717	0
718	0
719	1
720	0
721	0
722	0
723	1
724	0
725	0
726	0
727	1
728	0
729	0
730	0
731	0
732	0
733	0
734	1
735	1
736	0
737	0
738	0
739	0
740	0
741	1
742	0
743	0
744	0
745	1
746	1
747	1
748	0
749	1
750	0
751	1
752	1
753	1
754	1
755	0
756	0
757	0
758	0
759	0
760	0
761	0
762	0
763	0
764	0
765	0
766	1
767	1
768	0
769	0
770	0
771	0
772	0
773	0
774	1
775	0
776	0
777	0
778	0
779	0
780	1
781	0
782	1
783	0
784	0
785	1
786	1
787	0
788	0
789	0
790	0
791	0
792	0
793	1
794	0
795	0
796	0
797	0
798	0
799	1
800	1
801	1
