0	1
1	0
2	0
3	1
4	1
5	0
6	1
7	1
8	1
9	0
10	1
11	1
12	1
13	0
14	1
15	1
16	1
17	1
18	1
19	1
20	0
21	1
22	0
23	0
24	1
25	0
26	0
27	0
28	0
29	0
30	1
31	0
32	0
33	0
34	1
35	0
36	0
37	1
38	1
39	1
40	1
41	0
42	1
43	1
44	1
45	1
46	0
47	1
48	0
49	1
50	0
51	1
52	0
53	1
54	0
55	1
56	1
57	1
58	1
59	0
60	0
61	1
62	0
63	0
64	1
65	0
66	1
67	0
68	0
69	1
70	0
71	0
72	1
73	0
74	1
75	1
76	0
77	1
78	0
79	1
80	1
81	0
82	1
83	0
84	1
85	1
86	1
87	0
88	0
89	1
90	1
91	1
92	0
93	1
94	1
95	0
96	1
97	1
98	1
99	1
100	0
101	1
102	0
103	0
104	1
105	1
106	0
107	0
108	0
109	0
110	0
111	1
112	1
113	0
114	1
115	1
116	0
117	1
118	0
119	1
120	0
121	1
122	0
123	1
124	0
125	0
126	1
127	0
128	0
129	1
130	1
131	1
132	1
133	1
134	1
135	1
136	1
137	0
138	0
139	1
140	1
141	1
142	1
143	0
144	0
145	0
146	1
147	0
148	1
149	1
150	1
151	1
152	0
153	0
154	1
155	1
156	1
157	0
158	1
159	1
160	1
161	1
162	0
163	0
164	1
165	0
166	1
167	1
168	1
169	0
170	0
171	1
172	0
173	1
174	0
175	1
176	0
177	1
178	1
179	0
180	1
181	0
182	1
183	0
184	0
185	0
186	1
187	1
188	1
189	0
190	0
191	0
192	0
193	1
194	0
195	1
196	1
197	1
198	0
199	0
200	1
201	0
202	0
203	0
204	0
205	0
206	0
207	0
208	1
209	1
210	1
211	0
212	0
213	0
214	1
215	0
216	0
217	1
218	0
219	0
220	1
221	0
222	0
223	0
224	1
225	0
226	1
227	0
228	1
229	0
230	1
231	1
232	0
233	1
234	0
235	1
236	1
237	1
238	1
239	1
240	1
241	1
242	1
243	0
244	1
245	1
246	1
247	1
248	1
249	0
250	0
251	0
252	1
253	0
254	0
255	1
256	0
257	0
258	1
259	0
260	0
261	0
262	1
263	0
264	0
265	1
266	0
267	0
268	1
269	1
270	1
271	1
272	0
273	1
274	1
275	1
276	0
277	1
278	0
279	1
280	1
281	0
282	1
283	1
284	1
285	1
286	1
287	1
288	1
289	1
290	0
291	1
292	1
293	0
294	1
295	1
296	1
297	0
298	1
299	1
300	0
301	1
302	0
303	0
304	0
305	0
306	1
307	0
308	0
309	1
310	1
311	0
312	1
313	1
314	1
315	1
316	1
317	0
318	1
319	1
320	0
321	0
322	0
323	1
324	0
325	1
326	1
327	0
328	1
329	1
330	1
331	1
332	0
333	1
334	1
335	0
336	1
337	1
338	0
339	1
340	1
341	0
342	1
343	0
344	1
345	1
346	1
347	1
348	1
349	1
350	0
351	0
352	1
353	0
354	0
355	1
356	0
357	0
358	0
359	1
360	0
361	1
362	0
363	0
364	0
365	1
366	1
367	1
368	0
369	1
370	1
371	1
372	1
373	0
374	1
375	1
376	0
377	1
378	0
379	0
380	0
381	1
382	1
383	0
384	1
385	0
386	0
387	1
388	0
389	1
390	0
391	1
392	1
393	1
394	1
395	1
396	0
397	0
398	0
399	1
400	0
401	0
402	1
403	0
404	0
405	0
406	1
407	0
408	1
409	0
410	0
411	0
412	1
413	1
414	1
415	1
416	1
417	0
418	1
419	0
420	1
421	0
422	1
423	0
424	1
425	1
426	1
427	0
428	1
429	0
430	1
431	1
432	1
433	1
434	1
435	1
436	0
437	0
438	0
439	1
440	1
441	1
442	0
443	1
444	1
445	0
446	1
447	1
448	0
449	1
450	1
451	1
452	1
453	0
454	1
455	0
456	1
457	1
458	0
459	1
460	0
461	1
462	0
463	0
464	0
465	0
466	1
467	1
468	1
469	1
470	1
471	1
472	1
473	1
474	0
475	1
476	1
477	0
478	1
479	1
480	0
481	0
482	0
483	1
484	1
485	1
486	1
487	1
488	1
489	0
490	1
491	1
492	0
493	1
494	1
495	0
496	0
497	1
498	0
499	1
500	1
501	0
502	1
503	0
504	1
505	1
506	1
507	0
508	1
509	1
510	0
511	1
512	1
513	1
514	1
515	0
516	1
517	1
518	1
519	1
520	1
521	1
522	1
523	0
524	1
525	0
526	0
527	1
528	0
529	1
530	0
531	1
532	0
533	1
534	1
535	1
536	0
537	0
538	1
539	1
540	1
541	0
542	1
543	1
544	1
545	1
546	1
547	1
548	1
549	1
550	1
551	1
552	1
553	0
554	0
555	1
556	1
557	1
558	1
559	0
560	1
561	1
562	1
563	1
564	0
565	0
566	1
567	1
568	1
569	1
570	1
571	1
572	1
573	0
574	1
575	1
576	1
577	1
578	1
579	1
580	1
581	0
582	0
583	1
584	0
585	0
586	1
587	1
588	1
589	1
590	1
591	0
592	0
593	1
594	1
595	1
596	1
597	1
598	1
599	0
600	1
601	0
602	1
603	1
604	0
605	1
606	1
607	1
608	0
609	1
610	0
611	1
612	0
613	1
614	1
615	1
616	1
617	1
618	1
619	1
620	0
621	0
622	0
623	1
624	1
625	0
626	1
627	0
628	0
629	1
630	1
631	0
632	0
633	1
634	1
635	1
636	0
637	1
638	0
639	1
640	0
641	1
642	1
643	0
644	1
645	1
646	0
647	1
648	0
649	1
650	1
651	1
652	1
653	1
654	0
655	0
656	1
657	0
658	1
659	0
660	1
661	1
662	0
663	1
664	0
665	1
666	1
667	1
668	0
669	1
670	1
671	0
672	1
673	0
674	1
675	1
676	1
677	1
678	1
679	0
680	1
681	1
682	0
683	1
684	1
685	1
686	0
687	1
688	1
689	1
690	1
691	0
692	1
693	0
694	1
695	1
696	0
697	0
698	1
699	0
700	1
701	1
702	1
703	1
704	0
705	0
706	0
707	0
708	0
709	0
710	0
711	1
712	1
713	1
714	1
715	1
716	1
717	1
718	0
719	1
720	0
721	0
722	1
723	1
724	1
725	1
726	1
727	0
728	0
729	1
730	1
731	1
732	1
733	1
734	1
735	0
736	1
737	1
738	1
739	1
740	0
741	1
742	1
743	0
744	0
745	0
746	1
747	0
748	1
749	1
750	0
751	1
752	1
753	0
754	1
755	1
756	0
757	0
758	1
759	1
760	1
761	0
762	1
763	1
764	0
765	0
766	1
767	0
768	1
769	1
770	1
771	0
772	1
773	0
774	0
775	1
776	1
777	0
778	1
779	0
780	0
781	0
782	0
783	0
784	0
785	0
786	1
787	1
788	1
789	0
790	0
791	0
792	1
793	1
794	0
795	1
796	1
797	1
798	0
799	1
800	1
801	0
802	1
803	1
804	1
805	0
806	0
807	0
808	1
809	1
810	1
811	0
812	1
813	0
814	1
815	0
816	1
817	1
818	0
819	1
820	0
821	1
822	1
823	0
824	0
825	1
826	1
827	1
828	1
829	0
830	1
831	0
832	1
833	0
834	1
835	0
836	1
837	1
838	1
839	1
840	1
841	1
842	1
843	1
844	1
845	0
846	0
847	0
848	1
849	1
850	1
851	1
852	1
853	0
854	1
855	1
856	0
857	1
858	1
859	1
860	1
861	1
862	1
863	0
864	1
865	1
866	0
867	0
868	0
869	0
870	1
871	1
872	1
873	1
874	0
875	0
876	1
877	1
878	1
879	1
880	1
881	0
882	1
883	1
884	1
885	0
886	1
887	1
888	1
889	1
890	1
891	1
892	0
893	0
894	1
895	1
896	1
897	0
898	1
899	0
900	1
901	1
902	0
903	1
904	1
905	1
906	1
907	0
908	1
909	1
910	0
911	1
912	0
913	1
914	1
915	1
916	1
917	0
918	0
919	1
920	0
921	1
922	1
923	0
924	0
925	0
926	1
927	1
928	1
929	0
930	0
931	1
932	1
933	1
934	1
935	1
936	0
937	1
938	0
939	1
940	0
941	1
942	1
943	0
944	1
945	0
946	1
947	1
948	1
949	0
950	1
951	1
952	1
953	1
954	0
955	1
956	1
957	0
958	0
959	1
960	0
961	1
962	1
963	1
964	0
965	1
966	0
967	1
968	1
969	1
970	1
971	1
972	1
973	1
974	0
975	0
976	0
977	1
978	1
979	1
980	0
981	1
982	1
983	0
984	1
985	1
986	1
987	0
988	1
989	1
990	1
991	0
992	1
993	1
994	1
995	0
996	1
997	1
998	0
999	0
1000	1
1001	0
1002	0
1003	1
1004	0
1005	0
1006	1
1007	0
1008	1
1009	0
1010	1
1011	1
1012	1
1013	0
1014	1
1015	0
1016	0
1017	0
1018	1
1019	1
1020	1
1021	1
1022	1
1023	0
1024	1
1025	0
1026	1
1027	0
1028	1
1029	0
1030	0
1031	1
1032	1
1033	1
1034	0
1035	1
1036	1
1037	1
1038	1
1039	1
1040	1
1041	0
1042	1
1043	1
1044	1
1045	1
1046	1
1047	1
1048	0
1049	1
1050	1
1051	1
1052	1
1053	0
1054	1
1055	1
1056	1
1057	0
1058	1
1059	1
1060	0
1061	1
1062	0
1063	1
1064	1
1065	1
1066	1
1067	1
1068	1
1069	0
1070	1
1071	0
1072	1
1073	0
1074	1
1075	0
1076	0
1077	0
1078	1
1079	1
1080	1
1081	1
1082	1
1083	1
1084	1
1085	0
1086	1
1087	1
1088	1
1089	1
1090	1
1091	1
1092	1
1093	0
1094	0
1095	1
1096	1
1097	1
1098	0
1099	1
1100	0
1101	1
1102	0
1103	1
1104	1
1105	0
1106	1
1107	1
1108	1
1109	1
1110	0
1111	1
1112	1
1113	0
1114	1
1115	0
1116	0
1117	0
1118	1
1119	1
1120	1
1121	1
1122	1
1123	1
1124	0
1125	0
1126	1
1127	1
1128	0
1129	1
1130	1
1131	1
1132	1
1133	0
1134	1
1135	0
1136	0
1137	0
1138	1
1139	0
1140	1
1141	1
1142	0
1143	1
1144	0
1145	1
1146	1
1147	1
1148	1
1149	1
1150	1
1151	0
1152	1
1153	1
1154	0
1155	1
1156	0
1157	0
1158	1
1159	1
1160	0
1161	1
1162	0
1163	1
1164	0
1165	0
1166	0
1167	1
1168	0
1169	0
1170	1
1171	1
1172	0
1173	1
1174	1
1175	1
1176	1
1177	0
1178	1
1179	1
1180	1
1181	1
1182	1
1183	0
1184	1
1185	1
1186	1
1187	1
1188	1
1189	0
1190	1
1191	0
1192	1
1193	1
1194	1
1195	0
1196	1
1197	1
1198	0
1199	1
1200	1
1201	1
1202	1
1203	0
1204	1
1205	1
1206	1
1207	1
1208	1
1209	1
1210	0
1211	1
1212	0
1213	1
1214	1
1215	1
1216	1
1217	0
1218	1
1219	0
1220	0
1221	0
1222	1
1223	1
1224	1
1225	1
1226	0
1227	0
1228	1
1229	1
1230	1
1231	1
1232	0
1233	1
1234	1
1235	0
1236	1
1237	1
1238	1
1239	1
1240	1
1241	0
1242	1
1243	1
1244	0
1245	1
1246	1
1247	1
1248	1
1249	0
1250	0
1251	0
1252	1
1253	1
1254	0
1255	1
1256	0
1257	0
1258	1
1259	1
1260	1
1261	1
1262	1
1263	1
1264	1
1265	1
1266	1
1267	1
1268	1
1269	0
1270	0
1271	0
1272	1
1273	1
1274	0
1275	0
1276	1
1277	1
1278	0
1279	1
1280	1
1281	0
1282	1
1283	0
1284	1
1285	0
1286	0
1287	1
1288	1
1289	1
1290	1
1291	1
1292	0
1293	1
1294	0
1295	1
1296	1
1297	1
1298	1
1299	1
1300	0
1301	1
1302	1
1303	0
1304	1
1305	1
1306	0
1307	0
1308	0
1309	0
1310	0
1311	1
1312	1
1313	0
1314	1
1315	1
1316	0
1317	1
1318	0
1319	0
1320	1
1321	1
1322	0
1323	1
1324	1
1325	1
1326	1
1327	1
1328	1
1329	1
1330	1
1331	0
1332	1
1333	1
1334	1
1335	1
1336	1
1337	1
1338	1
1339	1
1340	1
1341	1
1342	1
1343	0
1344	1
1345	1
1346	1
1347	1
1348	1
1349	1
1350	1
1351	0
1352	1
1353	1
1354	0
1355	1
1356	0
1357	0
1358	1
1359	0
1360	0
1361	1
1362	1
1363	1
1364	0
1365	1
1366	1
1367	1
1368	1
1369	1
1370	1
1371	0
1372	1
1373	1
1374	1
1375	1
1376	1
1377	1
1378	0
1379	1
1380	1
1381	1
1382	1
1383	1
1384	0
1385	1
1386	0
1387	0
1388	1
1389	1
1390	1
1391	0
1392	0
1393	1
1394	1
1395	1
1396	1
1397	0
1398	0
1399	1
1400	1
1401	1
1402	0
1403	1
1404	1
1405	1
1406	1
1407	1
1408	1
1409	0
1410	0
1411	1
1412	0
1413	0
1414	0
1415	1
1416	1
1417	0
1418	1
1419	0
1420	0
1421	1
1422	0
1423	0
1424	1
1425	1
1426	1
1427	0
1428	0
1429	0
1430	1
1431	1
1432	1
1433	1
1434	1
1435	0
1436	1
1437	0
1438	1
1439	1
1440	0
1441	0
1442	0
1443	0
1444	1
1445	0
1446	0
1447	1
1448	0
1449	0
1450	1
1451	1
1452	1
1453	1
1454	1
1455	0
1456	1
1457	0
1458	1
1459	1
1460	0
1461	0
1462	1
1463	1
1464	1
1465	1
1466	1
1467	1
1468	0
1469	1
1470	1
1471	1
1472	0
1473	0
1474	0
1475	0
1476	1
1477	0
1478	1
1479	1
1480	0
1481	0
1482	1
1483	1
1484	1
1485	1
1486	1
1487	0
1488	1
1489	0
1490	1
1491	1
1492	0
1493	1
1494	0
1495	0
1496	0
1497	1
1498	1
1499	0
1500	0
1501	1
1502	1
1503	0
1504	1
1505	0
1506	1
1507	0
1508	1
1509	0
1510	1
1511	1
1512	1
1513	1
1514	1
1515	1
1516	0
1517	1
1518	0
1519	0
1520	1
1521	0
1522	0
1523	1
1524	1
1525	0
1526	1
1527	1
1528	1
1529	0
1530	1
1531	0
1532	0
1533	1
1534	1
1535	0
1536	1
1537	1
1538	1
1539	0
1540	1
1541	0
1542	0
1543	1
1544	0
1545	0
1546	0
1547	0
1548	1
1549	0
1550	1
1551	0
1552	1
1553	1
1554	0
1555	0
1556	0
1557	1
1558	0
1559	1
1560	1
1561	0
1562	0
1563	1
1564	1
1565	1
1566	1
1567	0
1568	1
1569	1
1570	0
1571	1
1572	0
1573	0
1574	1
1575	1
1576	0
1577	1
1578	0
1579	0
1580	1
1581	1
1582	1
1583	1
1584	1
1585	1
1586	1
1587	1
1588	1
1589	0
1590	1
1591	1
1592	0
1593	1
1594	1
1595	0
1596	0
1597	0
1598	1
1599	0
1600	1
1601	0
1602	1
1603	1
1604	1
1605	1
1606	0
1607	1
1608	0
1609	1
1610	0
1611	1
1612	1
1613	0
1614	1
1615	1
1616	0
1617	0
1618	0
1619	0
1620	1
1621	0
1622	1
1623	1
1624	1
1625	1
1626	1
1627	0
1628	1
1629	1
1630	0
1631	0
1632	1
1633	1
1634	1
1635	0
1636	1
1637	1
1638	1
1639	1
1640	1
1641	0
1642	1
1643	1
1644	1
1645	1
1646	1
1647	1
1648	1
1649	1
1650	1
1651	1
1652	0
1653	1
1654	1
1655	1
1656	1
1657	0
1658	0
1659	1
1660	1
1661	1
1662	1
1663	0
1664	0
1665	1
1666	0
1667	1
1668	0
1669	0
1670	1
1671	1
1672	0
1673	1
1674	1
1675	1
1676	0
1677	1
1678	1
1679	1
1680	0
1681	1
1682	1
1683	0
1684	0
1685	1
1686	0
1687	1
1688	1
1689	0
1690	1
1691	1
1692	0
1693	1
1694	1
1695	0
1696	1
1697	0
1698	1
1699	0
1700	1
1701	1
1702	1
1703	1
1704	1
1705	1
1706	0
1707	1
1708	1
1709	0
1710	1
1711	1
1712	1
1713	1
1714	0
1715	0
1716	1
1717	0
1718	1
1719	1
1720	1
1721	1
1722	1
1723	0
1724	1
1725	1
1726	1
1727	1
1728	0
1729	1
1730	0
1731	1
1732	0
1733	1
1734	1
1735	1
1736	1
1737	1
1738	1
1739	1
1740	1
1741	1
1742	1
1743	0
1744	1
1745	1
1746	0
1747	0
1748	0
1749	1
1750	1
1751	1
1752	1
1753	1
1754	1
1755	1
1756	0
1757	1
1758	1
1759	1
1760	1
1761	0
1762	0
1763	1
1764	0
1765	1
1766	0
1767	1
1768	1
1769	0
1770	1
1771	0
1772	1
1773	1
1774	0
1775	0
1776	1
1777	0
1778	1
1779	1
1780	1
1781	1
1782	0
1783	1
1784	1
1785	0
1786	1
1787	1
1788	0
1789	1
1790	0
1791	1
1792	1
1793	1
1794	1
1795	0
1796	0
1797	1
1798	1
1799	1
1800	1
1801	0
1802	1
1803	0
1804	0
1805	0
1806	1
1807	0
1808	1
1809	1
1810	1
1811	1
1812	0
1813	1
1814	0
1815	0
1816	0
1817	1
1818	0
1819	0
1820	1
1821	1
1822	1
1823	1
1824	1
1825	1
1826	1
1827	1
1828	1
1829	0
1830	0
1831	1
1832	0
1833	0
1834	1
1835	0
1836	0
1837	0
1838	0
1839	0
1840	0
1841	0
1842	1
1843	0
1844	1
1845	0
1846	0
1847	1
1848	0
1849	0
1850	0
1851	1
1852	1
1853	0
1854	0
1855	1
1856	1
1857	1
1858	1
1859	0
1860	1
1861	1
1862	1
1863	0
1864	1
1865	0
1866	0
1867	1
1868	0
1869	1
1870	1
1871	0
1872	0
1873	0
1874	1
1875	1
1876	0
1877	0
1878	0
1879	0
1880	0
1881	1
1882	0
1883	0
1884	0
1885	1
1886	0
1887	0
1888	0
1889	1
1890	1
1891	1
1892	1
1893	1
1894	1
1895	0
1896	1
1897	0
1898	0
1899	1
1900	1
1901	0
1902	0
1903	1
1904	1
1905	1
1906	0
1907	0
1908	1
1909	0
1910	1
1911	1
1912	0
1913	1
1914	0
1915	1
1916	0
1917	1
1918	0
1919	1
1920	0
1921	0
1922	0
1923	1
1924	1
1925	1
1926	1
1927	0
1928	1
1929	1
1930	1
1931	1
1932	0
1933	1
1934	1
1935	0
1936	0
1937	0
1938	0
1939	1
1940	0
1941	1
1942	0
1943	1
1944	0
1945	1
1946	1
1947	0
1948	0
1949	1
1950	0
1951	1
1952	1
1953	0
1954	1
1955	0
1956	0
1957	0
1958	0
1959	1
1960	1
1961	0
1962	0
1963	1
1964	1
1965	0
1966	1
1967	0
1968	1
1969	1
1970	1
1971	1
1972	1
1973	1
1974	1
1975	0
1976	1
1977	0
1978	1
1979	1
1980	0
1981	0
1982	0
1983	0
1984	0
1985	0
1986	1
1987	0
1988	1
1989	1
1990	1
1991	0
1992	1
1993	0
1994	1
1995	1
1996	1
1997	1
1998	1
1999	0
2000	1
2001	0
2002	1
2003	0
2004	0
2005	1
2006	1
2007	0
2008	0
2009	0
2010	1
2011	1
2012	0
2013	0
2014	1
2015	1
2016	0
2017	0
2018	1
2019	0
2020	0
2021	1
2022	0
2023	0
2024	0
2025	0
2026	1
2027	1
2028	1
2029	0
2030	0
2031	1
2032	1
2033	1
2034	1
2035	0
2036	1
2037	1
2038	1
2039	1
2040	0
2041	1
2042	0
2043	0
2044	0
2045	1
2046	0
2047	0
2048	1
2049	1
2050	0
2051	0
2052	1
2053	1
2054	0
2055	0
2056	0
2057	0
2058	0
2059	0
2060	1
2061	1
2062	1
2063	1
2064	1
2065	0
2066	0
2067	1
2068	0
2069	0
2070	1
2071	1
2072	1
2073	0
2074	0
2075	0
2076	0
2077	0
2078	1
2079	0
2080	0
2081	0
2082	0
2083	1
2084	0
2085	1
2086	1
2087	0
2088	0
2089	0
2090	0
2091	1
2092	0
2093	1
2094	0
2095	1
2096	0
2097	1
2098	0
2099	0
2100	1
2101	0
2102	1
2103	0
2104	0
2105	0
2106	0
2107	0
2108	0
2109	0
2110	0
2111	0
2112	0
2113	1
2114	0
2115	1
2116	1
2117	0
2118	0
2119	0
2120	1
2121	0
2122	0
2123	1
2124	0
2125	0
2126	0
2127	1
2128	1
2129	0
2130	1
2131	0
2132	1
2133	1
2134	1
2135	0
2136	0
2137	1
2138	1
2139	0
2140	0
2141	1
2142	0
2143	1
2144	1
2145	1
2146	0
2147	1
2148	0
2149	0
2150	1
2151	1
2152	0
2153	1
2154	0
2155	0
2156	0
2157	0
2158	0
2159	1
2160	0
2161	0
2162	0
2163	0
2164	1
2165	0
2166	0
2167	1
2168	0
2169	0
2170	1
2171	0
2172	1
2173	1
2174	0
2175	0
2176	0
2177	0
2178	1
2179	0
2180	1
2181	0
2182	0
2183	1
2184	1
2185	0
2186	0
2187	0
2188	0
2189	0
2190	0
2191	0
2192	1
2193	0
2194	1
2195	0
2196	1
2197	0
2198	0
2199	0
2200	1
2201	1
2202	1
2203	0
2204	0
2205	0
2206	0
2207	0
2208	0
2209	1
2210	0
2211	0
2212	0
2213	1
2214	0
2215	0
2216	0
2217	1
2218	0
2219	0
2220	0
2221	0
2222	0
2223	0
2224	0
2225	0
2226	0
2227	0
2228	0
2229	0
2230	1
2231	0
2232	1
2233	1
2234	0
2235	0
2236	0
2237	0
2238	1
2239	0
2240	0
2241	1
2242	1
2243	0
2244	0
2245	0
2246	1
2247	1
2248	0
2249	1
2250	0
2251	0
2252	1
2253	0
2254	0
2255	0
2256	0
2257	1
2258	0
2259	0
2260	1
2261	0
2262	0
2263	0
2264	1
2265	1
2266	0
2267	0
2268	0
2269	0
2270	0
2271	0
2272	1
2273	0
2274	1
