0	1
1	1
2	0
3	0
4	0
5	0
6	0
7	1
8	1
9	0
10	0
11	1
12	0
13	0
14	0
15	0
16	1
17	0
18	0
19	0
20	0
21	0
22	1
23	0
24	1
25	0
26	1
27	0
28	0
29	0
30	1
31	0
32	0
33	1
34	0
35	0
36	0
37	0
38	1
39	0
40	1
41	1
42	1
43	0
44	1
45	1
46	0
47	1
48	0
49	0
50	0
51	0
52	1
53	1
54	0
55	0
56	0
57	0
58	0
59	0
60	1
61	0
62	0
63	1
64	0
65	0
66	0
67	0
68	0
69	1
70	0
71	0
72	0
73	0
74	1
75	0
76	1
77	0
78	0
79	1
80	1
81	0
82	0
83	1
84	0
85	0
86	0
87	1
88	0
89	0
90	1
91	0
92	1
93	1
94	1
95	0
96	0
97	1
98	0
99	0
100	1
101	0
102	0
103	1
104	0
105	1
106	0
107	0
108	0
109	1
110	0
111	1
112	1
113	1
114	0
115	0
116	1
117	1
118	0
119	0
120	1
121	1
122	0
123	0
124	0
125	1
126	0
127	0
128	0
129	0
130	1
131	0
132	0
133	0
134	0
135	0
136	1
137	1
138	0
139	0
140	0
141	0
142	1
143	0
144	1
145	1
146	1
147	1
148	0
149	0
150	1
151	0
152	0
153	0
154	0
155	0
156	0
157	0
158	0
159	0
160	0
161	0
162	1
163	0
164	0
165	0
166	0
167	1
168	1
169	0
170	0
171	0
172	0
173	0
174	0
175	0
176	0
177	1
178	0
179	1
180	0
181	0
182	0
183	1
184	0
185	0
186	1
187	0
188	0
189	1
190	1
191	1
192	0
193	0
194	1
195	0
196	1
197	0
198	0
199	0
200	0
201	0
202	0
203	0
204	0
205	0
206	0
207	0
208	0
209	0
210	0
211	1
212	0
213	0
214	0
215	1
216	0
217	0
218	0
219	1
220	1
221	0
222	0
223	1
224	0
225	0
226	0
227	1
228	0
229	0
230	0
231	1
232	0
233	1
234	0
235	0
236	1
237	1
238	1
239	0
240	0
241	0
242	0
243	1
244	0
245	0
246	0
247	1
248	1
249	0
250	1
251	0
252	1
253	1
254	0
255	0
256	0
257	1
258	1
259	1
260	0
261	1
262	0
263	0
264	0
265	0
266	0
267	0
268	0
269	1
270	0
271	0
272	0
273	0
274	0
275	0
276	0
277	0
278	0
279	0
280	0
281	0
282	1
283	0
284	1
285	1
286	0
287	0
288	1
289	0
290	1
291	0
292	1
293	0
294	1
295	0
296	1
297	0
298	1
299	1
300	1
301	1
302	1
303	1
304	1
305	1
306	1
307	1
308	1
309	1
310	1
311	1
312	1
313	0
314	1
315	1
316	0
317	0
318	0
319	1
320	1
321	0
322	1
323	1
324	1
325	1
326	0
327	0
328	1
329	1
330	1
331	1
332	0
333	1
334	0
335	1
336	0
337	1
338	0
339	1
340	1
341	1
342	1
343	0
344	0
345	1
346	1
347	1
348	1
349	1
350	0
351	1
352	0
353	0
354	0
355	0
356	1
357	1
358	0
359	0
360	1
361	1
362	0
363	1
364	1
365	1
366	0
367	0
368	1
369	1
370	0
371	1
372	0
373	0
374	0
375	1
376	1
377	1
378	0
379	1
380	0
381	0
382	0
383	0
384	1
385	0
386	1
387	1
388	1
389	0
390	1
391	0
392	0
393	0
394	1
395	0
396	1
397	1
398	1
399	0
400	0
401	0
402	1
403	0
404	0
405	1
406	1
407	0
408	1
409	0
410	1
411	0
412	0
413	0
414	0
415	0
416	1
417	0
418	0
419	1
420	0
421	0
422	1
423	1
424	1
425	0
426	0
427	0
428	1
429	0
430	1
431	0
432	0
433	0
434	0
435	0
436	0
437	0
438	1
439	0
440	0
441	1
442	0
443	1
444	0
445	0
446	1
447	0
448	0
449	0
450	0
451	0
452	0
453	0
454	0
455	0
456	1
457	0
458	0
459	0
460	0
461	0
462	0
463	0
464	1
465	0
466	0
467	0
468	0
469	0
470	0
471	0
472	1
473	0
474	0
475	0
476	1
477	1
478	0
479	0
480	1
481	1
482	1
483	0
484	0
485	0
486	0
487	0
488	1
489	1
490	1
491	1
492	1
493	0
494	0
495	0
496	0
497	1
498	0
499	1
500	1
501	1
502	0
503	0
504	1
505	0
506	0
507	1
508	0
509	0
510	1
511	1
512	0
513	1
514	0
515	0
516	1
517	0
518	1
519	1
520	0
521	1
522	1
523	0
524	1
525	0
526	0
527	0
528	1
529	0
530	0
531	1
532	0
533	0
534	0
535	1
536	0
537	1
538	0
539	1
540	0
541	0
542	0
543	0
544	1
545	0
546	0
547	0
548	0
549	1
550	0
551	1
552	0
553	0
554	0
555	0
556	0
557	0
558	0
559	0
560	1
561	1
562	1
563	0
564	1
565	1
566	0
567	1
568	0
569	1
570	0
571	0
572	0
573	0
574	1
575	1
576	0
577	1
578	0
579	0
580	1
581	1
582	1
583	0
584	1
585	0
586	1
587	1
588	1
589	0
590	1
591	0
592	1
593	0
594	1
595	0
596	0
597	0
598	1
599	0
600	1
601	0
602	1
603	0
604	1
605	0
606	1
607	1
608	0
609	0
610	1
611	1
612	0
613	0
614	1
615	1
616	1
617	0
618	1
619	0
620	0
621	1
622	0
623	1
624	1
625	1
626	1
627	0
628	1
629	1
630	1
631	0
632	1
633	1
634	1
635	1
636	1
637	1
638	1
639	1
640	1
641	1
642	1
643	1
644	1
645	0
646	1
647	1
648	0
649	1
650	0
651	0
652	0
653	1
654	0
655	1
656	1
657	1
658	0
659	0
660	1
661	1
662	1
663	1
664	1
665	0
666	1
667	0
668	1
669	1
670	1
671	1
672	1
673	0
674	1
675	0
676	1
677	0
678	0
679	0
680	0
681	1
682	0
683	1
684	0
685	1
686	1
687	0
688	0
689	1
690	0
691	1
692	0
693	0
694	1
695	0
696	1
697	1
698	0
699	1
700	1
701	1
702	1
703	0
704	1
705	1
706	0
707	1
708	1
709	1
710	0
711	1
712	0
713	1
714	1
715	0
716	1
717	1
718	0
719	0
720	1
721	0
722	1
723	0
724	0
725	1
726	0
727	1
728	1
729	0
730	0
731	0
732	0
733	1
734	1
735	1
736	0
737	1
738	1
739	0
740	0
741	1
742	1
743	0
744	1
745	0
746	1
747	1
748	1
749	1
750	1
751	1
752	1
753	0
754	1
755	1
756	1
757	1
758	1
759	0
760	1
761	0
762	1
763	1
764	1
765	0
766	0
767	0
768	1
769	0
770	1
771	1
772	0
773	1
774	0
775	0
776	0
777	0
778	1
779	0
780	1
781	0
782	0
783	1
784	0
785	1
786	1
787	0
788	1
789	1
790	0
791	0
792	1
793	1
794	0
795	1
796	0
797	0
798	1
799	0
800	1
801	1
802	1
803	0
804	0
805	0
806	0
807	1
808	1
809	0
810	0
811	1
812	0
813	1
814	0
815	1
816	1
817	0
818	0
819	0
820	0
821	0
822	1
823	1
824	0
825	1
826	0
827	0
828	1
829	1
830	1
831	0
832	1
833	1
834	1
835	1
836	0
837	1
838	1
839	0
840	0
841	0
842	0
843	1
844	1
845	1
846	0
847	1
848	0
849	0
850	0
851	1
852	1
853	1
854	0
855	1
856	1
857	0
858	0
859	1
860	0
861	0
862	0
863	1
864	0
865	0
866	0
867	1
868	0
869	1
870	0
871	0
872	0
873	1
874	0
875	0
876	0
877	0
878	1
879	1
880	1
881	0
882	0
883	0
884	0
885	0
886	1
887	0
888	0
889	1
890	0
891	0
892	1
893	0
894	1
895	0
896	1
897	0
898	0
899	1
900	0
901	0
902	1
903	0
904	0
905	1
906	0
907	0
908	1
909	1
910	1
911	1
912	1
913	0
914	0
915	1
916	1
917	0
918	1
919	1
920	1
921	0
922	1
923	1
924	1
925	1
926	0
927	0
928	1
929	1
930	0
931	1
932	0
933	0
934	0
935	1
936	0
937	1
938	0
939	1
940	0
941	0
942	0
943	0
944	1
945	0
946	0
947	1
948	0
949	0
950	1
951	0
952	1
953	0
954	1
955	1
956	0
957	0
958	1
959	1
960	0
961	0
962	1
963	0
964	1
965	1
966	1
967	1
968	0
969	1
970	1
971	0
972	1
973	1
974	0
975	1
976	0
977	0
978	0
979	0
980	1
981	1
982	1
983	0
984	0
985	0
986	1
987	0
988	0
989	0
990	0
991	1
992	0
993	0
994	0
995	0
996	0
997	1
998	0
999	1
1000	0
1001	1
1002	1
1003	1
1004	0
1005	0
1006	1
1007	0
1008	0
1009	0
1010	0
1011	0
1012	1
1013	1
1014	0
1015	0
1016	0
1017	0
1018	0
1019	0
1020	0
1021	0
1022	1
1023	0
1024	0
1025	0
1026	0
1027	0
1028	1
1029	1
1030	0
1031	0
1032	1
1033	1
1034	1
1035	0
1036	0
1037	1
1038	1
1039	1
1040	0
1041	0
1042	0
1043	1
1044	1
1045	0
1046	0
1047	1
1048	0
1049	1
1050	1
1051	1
1052	0
1053	1
1054	1
1055	0
1056	0
1057	1
1058	1
1059	1
1060	0
1061	0
1062	0
1063	0
1064	1
1065	0
1066	0
1067	1
1068	0
1069	0
1070	1
1071	1
1072	0
1073	0
1074	1
1075	0
1076	0
1077	1
1078	1
1079	1
1080	1
1081	1
1082	0
1083	0
1084	0
1085	1
1086	1
1087	1
1088	1
1089	0
1090	1
1091	0
1092	0
1093	1
1094	0
1095	0
1096	0
1097	1
1098	1
1099	1
1100	1
1101	1
1102	0
1103	0
1104	0
1105	0
1106	0
1107	0
1108	1
1109	1
1110	1
1111	0
1112	0
1113	0
1114	0
1115	1
1116	0
1117	1
1118	0
1119	0
1120	0
1121	0
1122	0
1123	0
1124	1
1125	1
1126	0
1127	0
1128	0
1129	0
1130	1
1131	0
1132	0
1133	1
1134	0
1135	1
1136	1
1137	0
1138	0
1139	0
1140	0
1141	0
1142	0
1143	0
1144	1
1145	0
1146	1
1147	0
1148	0
1149	0
1150	0
1151	1
1152	0
1153	1
1154	1
1155	0
1156	0
1157	1
1158	0
1159	0
1160	0
1161	0
1162	0
1163	0
1164	0
1165	0
1166	1
1167	0
1168	1
1169	0
1170	0
1171	0
1172	0
1173	1
1174	0
1175	0
1176	1
1177	1
1178	0
1179	0
1180	0
1181	0
1182	0
1183	0
1184	0
1185	0
1186	1
1187	1
1188	1
1189	0
1190	0
1191	0
1192	0
1193	0
1194	1
1195	0
1196	0
1197	0
1198	1
1199	0
1200	0
1201	1
1202	0
1203	1
1204	0
1205	0
1206	0
1207	0
1208	0
1209	0
1210	0
1211	1
1212	0
1213	0
1214	1
1215	0
1216	1
1217	0
1218	0
1219	1
1220	1
1221	1
1222	0
1223	0
1224	0
1225	0
1226	0
1227	0
1228	1
1229	0
1230	1
1231	1
1232	0
1233	0
1234	0
1235	1
1236	1
1237	0
1238	1
1239	0
1240	0
1241	0
1242	0
1243	0
1244	1
1245	0
1246	0
1247	0
1248	0
1249	0
1250	0
1251	1
1252	0
1253	1
1254	0
1255	0
1256	1
1257	0
1258	1
1259	1
1260	0
1261	0
1262	0
1263	0
1264	0
1265	0
1266	0
1267	0
1268	0
1269	0
1270	0
1271	1
1272	1
1273	0
1274	0
1275	1
1276	1
1277	0
1278	1
1279	1
1280	0
1281	1
1282	0
1283	0
1284	1
1285	0
1286	0
1287	0
1288	1
1289	0
1290	0
1291	0
1292	0
1293	0
1294	0
1295	0
1296	0
1297	0
1298	0
1299	0
1300	0
1301	0
1302	1
1303	0
1304	0
1305	0
1306	0
1307	1
1308	0
1309	1
1310	1
1311	0
1312	0
1313	0
1314	0
1315	0
1316	1
1317	0
1318	1
1319	0
1320	0
1321	0
1322	0
1323	0
1324	0
1325	1
1326	0
1327	1
1328	1
1329	1
1330	0
1331	0
1332	0
1333	0
1334	1
1335	0
1336	1
1337	1
1338	0
1339	1
1340	0
1341	0
1342	0
1343	0
1344	1
1345	0
1346	0
1347	0
1348	0
1349	0
1350	0
1351	1
1352	1
1353	1
1354	0
1355	1
1356	0
1357	0
1358	0
1359	0
1360	1
1361	0
1362	1
1363	1
1364	0
1365	0
1366	0
1367	0
1368	0
1369	0
1370	1
1371	1
1372	0
1373	0
1374	1
1375	0
1376	1
1377	0
1378	0
1379	0
1380	0
1381	0
1382	0
1383	0
1384	0
1385	0
1386	1
1387	0
1388	0
1389	0
1390	1
1391	1
1392	0
1393	0
1394	0
1395	0
1396	0
1397	0
1398	0
1399	1
1400	1
1401	0
1402	0
1403	0
1404	0
1405	0
1406	1
1407	0
1408	0
1409	0
1410	0
1411	0
1412	0
1413	0
1414	0
1415	1
1416	1
1417	0
1418	1
1419	1
1420	0
1421	1
1422	0
1423	0
1424	0
1425	0
1426	0
1427	1
1428	0
1429	0
1430	0
1431	0
1432	1
1433	0
1434	0
1435	0
1436	0
1437	0
1438	0
1439	1
1440	1
1441	0
1442	1
1443	1
1444	0
1445	1
1446	1
1447	0
1448	0
1449	0
1450	0
1451	0
1452	0
1453	0
1454	1
1455	0
1456	0
1457	0
1458	0
1459	0
1460	0
1461	0
1462	0
1463	0
1464	0
1465	0
1466	0
1467	0
1468	0
1469	0
1470	1
1471	1
1472	0
1473	1
1474	0
1475	0
1476	0
1477	0
1478	0
1479	1
1480	0
1481	0
1482	0
1483	0
1484	1
1485	0
1486	0
1487	1
1488	1
1489	1
1490	0
1491	1
1492	0
1493	0
1494	1
1495	1
1496	0
1497	0
1498	1
1499	0
1500	0
1501	0
1502	1
1503	0
1504	1
1505	0
1506	1
1507	0
1508	0
1509	1
1510	1
1511	1
1512	0
1513	0
1514	1
1515	0
1516	0
1517	1
1518	1
1519	0
1520	0
1521	1
1522	0
1523	1
1524	0
1525	0
1526	1
1527	1
1528	0
1529	1
1530	0
1531	0
1532	1
1533	1
1534	0
1535	1
1536	1
1537	0
1538	0
1539	0
1540	0
1541	1
1542	1
1543	0
1544	0
1545	0
1546	0
1547	1
1548	0
1549	1
1550	1
1551	1
1552	1
1553	1
1554	1
1555	1
1556	0
1557	0
1558	0
1559	0
1560	1
1561	1
1562	0
1563	0
1564	1
1565	1
1566	1
1567	0
1568	1
1569	1
1570	0
1571	0
1572	1
1573	1
1574	1
1575	0
1576	0
1577	1
1578	0
1579	0
1580	0
1581	1
1582	0
1583	0
1584	0
1585	1
1586	1
1587	0
1588	0
1589	0
1590	1
1591	0
1592	1
1593	0
1594	1
1595	1
1596	1
1597	0
1598	0
1599	0
1600	0
1601	0
1602	0
1603	0
1604	0
1605	0
1606	0
1607	1
1608	0
1609	0
1610	1
1611	0
1612	0
1613	0
1614	1
1615	0
1616	0
1617	0
1618	0
1619	1
1620	1
1621	0
1622	0
1623	0
1624	0
1625	1
1626	0
1627	0
1628	1
1629	0
1630	0
1631	0
1632	0
1633	1
1634	1
1635	0
1636	0
1637	1
1638	0
1639	0
1640	1
1641	1
1642	1
1643	0
1644	1
1645	0
1646	0
1647	0
1648	1
1649	0
1650	0
1651	1
1652	0
1653	1
1654	0
1655	0
1656	1
1657	1
1658	1
1659	1
1660	1
1661	0
1662	0
1663	0
1664	0
1665	0
1666	1
1667	0
1668	0
1669	1
1670	0
1671	1
1672	1
1673	0
1674	0
1675	1
1676	1
1677	1
1678	0
1679	0
1680	0
1681	1
1682	0
1683	0
1684	0
1685	1
1686	1
1687	1
1688	0
1689	0
1690	0
1691	1
1692	0
1693	0
1694	0
1695	0
1696	0
1697	1
1698	0
1699	1
1700	1
1701	1
1702	0
1703	0
1704	0
1705	0
1706	0
1707	0
1708	0
1709	0
1710	0
1711	0
1712	1
1713	0
1714	0
1715	0
1716	1
1717	0
1718	1
1719	0
1720	0
1721	1
1722	0
1723	0
1724	0
1725	1
1726	1
1727	0
1728	1
1729	0
1730	0
1731	1
1732	0
1733	1
1734	0
1735	0
1736	1
1737	0
1738	0
1739	0
1740	1
1741	1
1742	0
1743	0
1744	0
1745	1
1746	1
1747	0
1748	0
1749	1
1750	1
1751	1
1752	0
1753	0
1754	1
1755	1
1756	1
1757	1
1758	1
1759	0
1760	1
1761	0
1762	1
1763	0
1764	0
1765	1
1766	0
1767	1
1768	1
1769	0
1770	1
1771	0
1772	0
1773	1
1774	1
1775	0
1776	0
1777	0
1778	0
1779	0
1780	0
1781	1
1782	0
1783	1
1784	0
1785	0
1786	1
1787	1
1788	0
1789	1
1790	0
1791	0
1792	1
1793	0
1794	0
1795	1
1796	0
1797	1
1798	0
1799	1
1800	1
1801	1
1802	0
1803	1
1804	0
1805	1
1806	1
1807	0
1808	0
1809	0
1810	0
1811	1
1812	0
1813	0
1814	0
1815	1
1816	0
1817	1
1818	1
1819	0
1820	0
1821	0
1822	0
1823	0
1824	1
1825	1
1826	1
1827	1
1828	0
1829	1
1830	0
1831	0
1832	1
1833	0
1834	0
1835	0
1836	1
1837	0
1838	1
1839	1
1840	0
1841	1
1842	1
1843	0
1844	1
1845	0
1846	1
1847	0
1848	1
1849	0
1850	1
1851	1
1852	0
1853	0
1854	0
1855	0
1856	0
1857	1
1858	1
1859	0
1860	0
1861	1
1862	0
1863	0
1864	0
1865	0
1866	1
1867	0
1868	0
1869	1
1870	0
1871	1
1872	1
1873	0
1874	0
1875	0
1876	0
1877	0
1878	0
1879	0
1880	0
1881	0
1882	0
1883	0
1884	0
1885	0
1886	0
1887	0
1888	0
1889	1
1890	0
1891	0
1892	1
1893	0
1894	0
1895	1
1896	0
1897	0
1898	1
1899	1
1900	1
1901	0
1902	0
1903	0
1904	1
1905	1
1906	0
1907	0
1908	1
1909	0
1910	1
1911	0
1912	0
1913	1
1914	0
1915	1
1916	0
1917	0
1918	1
1919	0
1920	0
1921	1
1922	1
1923	1
1924	0
1925	1
1926	1
1927	0
1928	1
1929	1
1930	0
1931	0
1932	0
1933	1
1934	0
1935	1
1936	1
1937	1
1938	1
1939	0
1940	0
1941	0
1942	1
1943	0
1944	1
1945	1
1946	0
1947	0
1948	1
1949	0
1950	0
1951	1
1952	0
1953	0
1954	0
1955	0
1956	0
1957	1
1958	1
1959	0
1960	0
1961	0
1962	1
1963	1
1964	0
1965	0
1966	0
1967	1
1968	1
1969	1
1970	1
1971	0
1972	0
1973	0
1974	0
1975	1
1976	1
1977	0
1978	0
1979	0
1980	0
1981	0
1982	0
1983	1
1984	1
1985	1
1986	0
1987	0
1988	1
1989	0
1990	0
1991	0
1992	0
1993	1
1994	0
1995	1
1996	1
1997	1
1998	1
1999	1
2000	1
2001	0
2002	0
2003	0
2004	1
2005	1
2006	1
2007	0
2008	0
2009	1
2010	0
2011	0
2012	1
2013	0
2014	0
2015	1
2016	0
2017	1
2018	0
2019	1
2020	0
2021	1
2022	0
2023	0
2024	0
2025	0
2026	1
2027	0
2028	0
2029	0
2030	1
2031	0
2032	0
2033	1
2034	0
2035	0
2036	1
2037	1
2038	1
2039	0
2040	0
2041	1
2042	0
2043	0
2044	0
2045	0
2046	0
2047	0
2048	0
2049	0
2050	1
2051	1
2052	0
2053	0
2054	1
2055	0
2056	0
2057	0
2058	0
2059	1
2060	0
2061	1
2062	1
2063	1
2064	1
2065	1
2066	0
2067	0
2068	1
2069	0
2070	0
2071	1
2072	0
2073	0
2074	0
2075	0
2076	0
2077	0
2078	1
2079	1
2080	0
2081	1
2082	1
2083	0
2084	1
2085	0
2086	0
2087	1
2088	0
2089	0
2090	0
2091	0
2092	0
2093	0
2094	1
2095	0
2096	0
2097	1
2098	0
2099	0
2100	0
2101	0
2102	0
2103	0
2104	1
2105	1
2106	1
2107	1
2108	0
2109	1
2110	0
2111	0
2112	1
2113	1
2114	1
2115	0
2116	1
2117	0
2118	1
2119	1
2120	0
2121	1
2122	0
2123	1
2124	0
2125	0
2126	1
2127	1
2128	0
2129	0
2130	0
2131	0
2132	0
2133	0
2134	0
2135	0
2136	1
2137	0
2138	0
2139	1
2140	0
2141	0
2142	1
2143	0
2144	0
2145	0
2146	1
2147	1
2148	0
2149	0
2150	1
2151	0
2152	0
2153	1
2154	0
2155	0
2156	1
2157	1
2158	0
2159	0
2160	1
2161	0
2162	0
2163	0
2164	0
2165	1
2166	1
2167	0
2168	0
2169	0
2170	0
2171	1
2172	0
2173	0
2174	0
2175	1
2176	1
2177	1
2178	0
2179	1
2180	0
2181	0
2182	0
2183	1
2184	0
2185	0
2186	0
2187	0
2188	1
2189	1
2190	0
2191	1
2192	1
2193	0
2194	1
2195	0
2196	1
2197	1
2198	0
2199	0
2200	1
2201	1
2202	1
2203	1
2204	0
2205	1
2206	0
2207	0
2208	0
2209	0
2210	0
2211	1
2212	1
2213	0
2214	1
2215	0
2216	0
2217	1
2218	0
2219	0
2220	0
2221	0
2222	0
2223	0
2224	1
2225	0
2226	0
2227	0
2228	1
2229	0
2230	0
2231	0
2232	1
2233	1
2234	1
2235	0
2236	0
2237	0
2238	0
2239	1
2240	1
2241	0
2242	0
2243	0
2244	0
2245	1
2246	0
2247	1
2248	0
2249	0
2250	1
2251	0
2252	0
2253	0
2254	0
2255	0
2256	1
2257	0
2258	1
2259	1
2260	1
2261	0
2262	1
2263	1
2264	1
2265	0
2266	1
2267	0
2268	1
2269	1
2270	1
2271	1
2272	1
2273	0
2274	0
2275	0
2276	0
2277	0
2278	0
2279	0
2280	0
2281	0
2282	1
2283	1
2284	0
2285	0
2286	1
2287	1
2288	0
2289	0
2290	0
2291	1
2292	0
2293	1
2294	0
2295	0
2296	0
2297	0
2298	0
2299	0
2300	1
2301	1
2302	1
2303	0
2304	0
2305	0
2306	0
2307	0
2308	1
2309	1
2310	1
2311	1
2312	1
2313	0
2314	0
2315	1
2316	0
2317	1
2318	0
2319	0
2320	0
2321	0
2322	1
2323	0
2324	1
2325	1
2326	0
2327	1
2328	0
2329	1
2330	1
2331	1
2332	0
2333	1
2334	1
2335	0
2336	0
2337	0
2338	1
2339	0
2340	0
2341	0
2342	0
2343	0
2344	1
2345	1
2346	0
2347	0
2348	0
2349	1
2350	1
2351	0
2352	1
2353	0
2354	1
2355	0
2356	0
2357	0
2358	1
2359	1
2360	1
2361	1
2362	1
2363	0
2364	0
2365	1
2366	1
2367	1
2368	1
2369	0
2370	1
2371	1
2372	0
2373	0
2374	0
2375	0
2376	0
2377	0
2378	0
2379	0
2380	1
2381	0
2382	1
2383	1
2384	0
2385	1
2386	0
2387	0
2388	0
2389	0
2390	0
2391	1
2392	0
2393	0
2394	0
2395	1
2396	1
2397	1
2398	0
2399	1
2400	0
2401	0
2402	1
2403	1
2404	0
2405	1
2406	0
2407	1
2408	1
2409	1
2410	0
2411	1
2412	0
2413	1
2414	0
2415	1
2416	1
2417	0
2418	0
2419	0
2420	1
2421	1
2422	0
2423	1
2424	1
2425	0
2426	0
2427	0
2428	1
2429	1
2430	0
2431	1
2432	0
2433	1
2434	0
2435	0
2436	1
2437	0
2438	0
2439	0
2440	0
2441	0
2442	0
2443	0
2444	0
2445	1
2446	1
2447	1
2448	1
2449	0
2450	0
2451	0
2452	0
2453	1
2454	1
2455	1
2456	1
2457	1
2458	0
2459	0
2460	1
2461	1
2462	0
2463	1
2464	0
2465	1
2466	0
2467	0
2468	0
2469	0
2470	1
2471	1
2472	0
2473	0
2474	0
2475	1
2476	1
2477	0
2478	0
2479	0
2480	0
2481	0
2482	0
2483	1
2484	1
2485	1
2486	0
2487	1
2488	0
2489	0
2490	0
2491	1
2492	0
2493	0
2494	0
2495	0
2496	0
2497	0
2498	1
2499	0
2500	0
2501	1
2502	0
2503	1
2504	0
2505	0
2506	0
2507	1
2508	1
2509	0
2510	1
2511	1
2512	0
2513	1
2514	1
2515	1
2516	0
2517	0
2518	0
2519	0
2520	0
2521	1
2522	0
2523	0
2524	0
2525	0
2526	1
2527	1
2528	1
2529	1
2530	1
2531	1
2532	1
2533	0
2534	0
2535	1
2536	0
2537	1
2538	1
2539	0
2540	0
2541	0
2542	0
2543	1
2544	0
2545	0
2546	0
2547	0
2548	1
2549	1
2550	0
2551	1
2552	1
2553	0
2554	0
2555	0
2556	1
2557	0
2558	1
2559	0
2560	1
2561	0
2562	0
2563	1
2564	0
2565	1
2566	0
2567	0
2568	0
2569	1
2570	1
2571	0
2572	0
2573	1
2574	0
2575	0
2576	0
2577	0
2578	1
2579	0
2580	0
2581	1
2582	0
2583	0
2584	0
2585	0
2586	0
2587	0
2588	0
2589	1
2590	1
2591	1
2592	0
2593	0
2594	0
2595	0
2596	0
2597	0
2598	1
2599	0
2600	1
2601	1
2602	0
2603	0
2604	1
2605	0
2606	0
2607	0
2608	1
2609	0
2610	0
2611	0
2612	1
2613	0
2614	0
2615	0
2616	0
2617	0
2618	0
2619	0
2620	1
2621	1
2622	0
2623	0
2624	1
2625	0
2626	0
2627	0
2628	1
2629	1
2630	1
2631	0
2632	1
2633	0
2634	0
2635	0
2636	1
2637	1
2638	0
2639	0
2640	0
2641	0
2642	1
2643	0
2644	0
2645	1
2646	0
2647	0
2648	1
2649	1
2650	0
2651	0
2652	0
2653	0
2654	1
2655	1
2656	0
2657	1
2658	0
2659	1
2660	1
2661	1
2662	0
2663	0
2664	0
2665	1
2666	1
2667	0
2668	0
2669	1
2670	1
2671	1
2672	0
2673	1
2674	0
2675	0
2676	1
2677	0
2678	1
2679	0
2680	0
2681	0
2682	1
2683	1
2684	0
2685	0
2686	0
2687	1
2688	0
2689	0
2690	0
2691	0
2692	0
2693	1
2694	1
2695	0
2696	0
2697	0
2698	0
2699	1
2700	1
2701	0
2702	0
2703	0
2704	0
2705	0
2706	0
2707	1
2708	0
2709	0
2710	0
2711	0
2712	0
2713	1
2714	1
2715	1
2716	1
2717	0
2718	0
2719	0
2720	1
2721	1
2722	1
2723	0
2724	0
2725	1
2726	0
2727	0
2728	0
2729	0
2730	1
2731	1
2732	0
2733	0
2734	0
2735	1
2736	0
2737	1
2738	1
2739	0
2740	1
2741	0
2742	0
2743	0
2744	0
2745	1
2746	1
2747	0
2748	1
2749	1
2750	1
2751	0
2752	1
2753	1
2754	0
2755	1
2756	0
2757	1
2758	1
2759	1
2760	1
2761	0
2762	0
2763	1
2764	0
2765	0
2766	0
2767	0
2768	0
2769	0
2770	0
2771	0
2772	0
2773	0
2774	1
2775	0
2776	1
2777	0
2778	1
2779	0
2780	1
2781	0
2782	0
2783	0
2784	0
2785	1
2786	0
2787	0
2788	0
2789	0
2790	1
2791	0
2792	0
2793	1
2794	0
2795	0
2796	0
2797	1
2798	0
2799	0
2800	0
2801	0
2802	0
2803	0
2804	1
2805	0
2806	0
2807	1
2808	0
2809	0
2810	0
2811	0
2812	0
2813	1
2814	1
2815	1
2816	0
2817	1
2818	1
2819	0
2820	1
2821	0
2822	1
2823	1
2824	1
2825	1
2826	0
2827	0
2828	1
2829	0
2830	1
2831	1
2832	1
2833	0
2834	0
2835	0
2836	0
2837	0
2838	0
2839	1
2840	0
2841	0
2842	0
2843	0
2844	0
2845	0
2846	0
2847	0
2848	1
2849	0
2850	0
2851	0
2852	0
2853	0
2854	0
2855	0
2856	1
2857	0
2858	1
2859	0
2860	1
2861	0
2862	0
2863	1
2864	1
2865	0
2866	1
2867	1
2868	0
2869	0
2870	0
2871	0
2872	0
2873	0
2874	0
2875	0
2876	0
2877	1
2878	0
2879	0
2880	0
2881	0
2882	1
2883	0
2884	1
2885	1
2886	1
2887	1
2888	0
2889	0
2890	0
2891	1
2892	0
2893	1
2894	1
2895	0
2896	0
2897	0
2898	1
2899	1
2900	0
2901	0
2902	0
2903	0
2904	0
2905	0
2906	0
2907	0
2908	0
2909	0
2910	0
2911	1
2912	1
2913	1
2914	1
2915	0
2916	0
2917	1
2918	1
2919	0
2920	1
2921	1
2922	1
2923	0
2924	1
2925	0
2926	1
2927	0
2928	0
2929	0
2930	1
2931	0
2932	0
2933	0
2934	0
2935	1
2936	0
2937	1
2938	0
2939	1
2940	0
2941	0
2942	0
2943	0
2944	0
2945	0
2946	1
2947	1
2948	0
2949	0
2950	0
2951	0
2952	1
2953	0
2954	1
2955	0
2956	0
2957	0
2958	1
2959	0
2960	0
2961	0
2962	0
2963	0
2964	1
2965	0
2966	0
2967	0
2968	0
2969	0
2970	0
2971	0
2972	0
2973	0
2974	0
2975	0
2976	1
2977	0
2978	1
2979	0
2980	1
2981	1
2982	1
2983	0
2984	1
2985	1
2986	0
2987	1
2988	0
2989	0
2990	1
2991	1
2992	1
2993	0
2994	0
2995	1
2996	0
2997	0
2998	0
2999	1
3000	1
3001	0
3002	1
3003	0
3004	1
3005	1
3006	0
3007	0
3008	1
3009	1
3010	0
3011	0
3012	0
3013	1
3014	1
3015	0
3016	1
3017	0
3018	1
3019	0
3020	0
3021	0
3022	0
3023	1
3024	1
3025	1
3026	0
3027	0
3028	0
3029	0
3030	0
3031	0
3032	1
3033	1
3034	0
3035	0
3036	0
3037	1
3038	1
3039	0
3040	0
3041	1
3042	0
3043	1
3044	1
3045	1
3046	1
3047	1
3048	0
3049	1
3050	0
3051	1
3052	0
3053	0
3054	0
3055	1
3056	1
3057	1
3058	0
3059	0
3060	0
3061	0
3062	0
3063	0
3064	0
3065	0
3066	1
3067	1
3068	0
3069	0
3070	0
3071	0
3072	1
3073	1
3074	0
3075	1
3076	1
3077	0
3078	1
3079	1
3080	0
3081	1
3082	0
3083	0
3084	0
3085	1
3086	0
3087	0
3088	0
3089	1
3090	1
3091	0
3092	0
3093	0
3094	0
3095	1
3096	0
3097	0
3098	1
3099	0
3100	0
3101	1
3102	0
3103	0
3104	0
3105	0
3106	0
3107	1
3108	1
3109	0
3110	0
3111	1
3112	0
3113	1
3114	1
3115	0
3116	1
3117	0
3118	0
3119	1
3120	0
3121	0
3122	0
3123	0
3124	0
3125	0
3126	1
3127	1
3128	0
3129	1
3130	0
3131	1
3132	0
3133	1
