0	0
1	1
2	0
3	1
4	1
5	1
6	0
7	1
8	0
9	1
10	0
11	1
12	1
13	1
14	0
15	1
16	0
17	1
18	0
19	0
20	0
21	1
22	0
23	0
24	1
25	0
26	1
27	1
28	1
29	0
30	0
31	1
32	0
33	0
34	1
35	0
36	0
37	1
38	0
39	1
40	1
41	0
42	1
43	0
44	1
45	1
46	0
47	0
48	1
49	1
50	1
51	0
52	1
53	1
54	1
55	0
56	1
57	1
58	0
59	1
60	0
61	0
62	1
63	1
64	1
65	0
66	0
67	0
68	1
69	1
70	0
71	1
72	0
73	0
74	1
75	0
76	0
77	0
78	1
79	0
80	1
81	1
82	1
83	0
84	0
85	1
86	1
87	0
88	1
89	0
90	1
91	1
92	0
93	0
94	0
95	0
96	1
97	0
98	1
99	1
100	1
101	0
102	0
103	0
104	1
105	0
106	1
107	0
108	1
109	0
110	0
111	1
112	0
113	0
114	1
115	0
116	0
117	1
118	0
119	0
120	0
121	1
122	1
123	0
124	1
125	1
126	0
127	0
128	0
129	0
130	0
131	1
132	0
133	0
134	0
135	0
136	1
137	0
138	0
139	0
140	0
141	1
142	1
143	1
144	1
145	0
146	1
147	0
148	1
149	0
150	1
151	1
152	1
153	0
154	0
155	0
156	0
157	1
158	0
159	1
160	0
161	0
162	1
163	0
164	1
165	0
166	0
167	1
168	1
169	1
170	0
171	1
172	0
173	1
174	1
175	0
176	0
177	0
178	1
179	0
180	1
181	0
182	0
183	1
184	1
185	0
186	0
187	0
188	1
189	0
190	0
191	0
192	1
193	1
194	0
195	1
196	0
197	1
198	1
199	0
200	0
201	1
202	0
203	0
204	1
205	0
206	0
207	1
208	1
209	0
210	0
211	1
212	1
213	0
214	0
215	1
216	1
217	1
218	0
219	1
220	1
221	1
222	1
223	1
224	1
225	0
226	1
227	0
228	1
229	0
230	0
231	0
232	0
233	1
234	1
235	0
236	1
237	0
238	1
239	1
240	0
241	0
242	1
243	1
244	1
245	0
246	0
247	0
248	0
249	1
250	0
251	0
252	0
253	0
254	0
255	0
256	0
257	0
258	0
259	0
260	1
261	0
262	0
263	0
264	1
265	0
266	1
267	0
268	1
269	0
270	1
271	0
272	0
273	0
274	1
275	1
276	1
277	0
278	0
279	1
280	0
281	0
282	0
283	0
284	1
285	1
286	0
287	1
288	1
289	0
290	1
291	0
292	1
293	0
294	1
295	0
296	0
297	0
298	1
299	1
300	0
301	0
302	1
303	1
304	1
305	0
306	0
307	1
308	0
309	1
310	0
311	1
312	0
313	1
314	1
315	1
316	1
317	1
318	1
319	0
320	0
321	0
322	1
323	0
324	1
325	1
326	1
327	1
328	1
329	1
330	0
331	1
332	1
333	1
334	1
335	1
336	0
337	1
338	0
339	1
340	1
341	1
342	0
343	0
344	0
345	1
346	1
347	0
348	1
349	1
350	1
351	0
352	1
353	0
354	1
355	0
356	1
357	1
358	1
359	0
360	0
361	0
362	0
363	1
364	0
365	1
366	1
367	0
368	1
369	0
370	1
371	0
372	1
373	0
374	0
375	0
376	0
377	1
378	1
379	1
380	0
381	0
382	0
383	0
384	1
385	0
386	1
387	0
388	0
389	1
390	0
391	0
392	0
393	0
394	0
395	0
396	0
397	1
398	0
399	1
400	1
401	0
402	1
403	0
404	0
405	0
406	0
407	0
408	0
409	0
410	0
411	0
412	0
413	0
414	0
415	0
416	1
417	0
418	1
419	0
420	1
421	0
422	0
423	1
424	0
425	1
426	1
427	1
428	1
429	0
430	1
431	1
432	1
433	0
434	0
435	1
436	1
437	0
438	0
439	1
440	0
441	0
442	0
443	0
444	0
445	0
446	0
447	1
448	0
449	1
450	1
451	0
452	1
453	0
454	1
455	0
456	0
457	0
458	0
459	0
460	0
461	1
462	1
463	0
464	1
465	1
466	0
467	0
468	1
469	1
470	0
471	1
472	1
473	1
474	0
475	1
476	1
477	0
478	0
479	0
480	1
481	0
482	0
483	1
484	1
485	0
486	0
487	0
488	0
489	1
490	1
491	0
492	1
493	0
494	0
495	0
496	0
497	1
498	1
499	1
500	0
501	0
502	1
503	0
504	1
505	0
506	1
507	1
508	0
509	0
510	0
511	0
512	0
513	0
514	1
515	1
516	0
517	0
518	0
519	1
520	1
521	1
522	0
523	0
524	1
525	0
526	1
527	1
528	1
529	0
530	1
531	0
532	1
533	1
534	1
535	1
536	0
537	0
538	0
539	1
540	1
541	1
542	1
543	0
544	0
545	1
546	1
547	0
548	1
549	0
550	0
551	0
552	1
553	0
554	0
555	1
556	0
557	1
558	1
559	1
560	0
561	0
562	0
563	0
564	1
565	0
566	0
567	1
568	0
569	1
570	0
571	1
572	1
573	1
574	1
575	1
576	1
577	1
578	0
579	1
580	0
581	1
582	1
583	1
584	0
585	0
586	0
587	1
588	0
589	0
590	1
591	0
592	1
593	1
594	0
595	0
596	0
597	1
598	1
599	0
600	0
601	0
602	1
603	1
604	1
605	1
606	1
607	0
608	0
609	0
610	0
611	1
612	0
613	1
614	1
615	1
616	1
617	0
618	0
619	0
620	0
621	1
622	1
623	1
624	1
625	0
626	1
627	1
628	1
629	0
630	1
631	0
632	0
633	0
634	0
635	0
636	1
637	0
638	0
639	0
640	0
641	1
642	1
643	0
644	1
645	0
646	1
647	1
648	1
649	0
650	1
651	0
652	0
653	0
654	0
655	0
656	0
657	0
658	0
659	1
660	0
661	0
662	1
663	1
664	0
665	1
666	1
667	1
668	1
669	0
670	1
671	1
672	0
673	0
674	0
675	0
676	0
677	1
678	0
679	0
680	1
681	1
682	0
683	0
684	0
685	0
686	1
687	1
688	0
689	0
690	0
691	0
692	0
693	0
694	0
695	0
696	0
697	0
698	1
699	0
700	0
701	0
702	1
703	0
704	0
705	0
706	0
707	0
708	0
709	0
710	1
711	1
712	1
713	1
714	0
715	0
716	0
717	0
718	1
719	0
720	1
721	0
722	0
723	1
724	1
725	0
726	1
727	1
728	1
729	0
730	0
731	1
732	1
733	0
734	0
735	1
736	1
737	1
738	1
739	1
740	0
741	1
742	0
743	1
744	0
745	0
746	1
747	1
748	1
749	1
750	1
751	0
752	1
753	1
754	1
755	0
756	1
757	1
758	0
759	0
760	1
761	1
762	1
763	1
764	0
765	1
766	0
767	1
768	1
769	0
770	1
771	1
772	0
773	0
774	0
775	1
776	1
777	0
778	1
779	0
780	0
781	1
782	1
783	1
784	1
785	1
786	0
787	0
788	0
789	0
790	0
791	1
792	0
793	1
794	0
795	1
796	0
797	0
798	1
799	1
800	0
801	1
802	0
803	0
804	0
805	0
806	1
807	0
808	1
809	0
810	1
811	1
812	0
813	0
814	0
815	1
816	0
817	0
818	1
819	0
820	1
821	1
822	0
823	0
824	1
825	1
826	1
827	1
828	1
829	1
830	0
831	1
832	0
833	1
834	0
835	0
836	1
837	0
838	0
839	1
840	0
841	0
842	1
843	0
844	1
845	1
846	0
847	1
848	1
849	0
850	1
851	1
852	1
853	0
854	1
855	1
856	1
857	0
858	0
859	0
860	1
861	1
862	0
863	1
864	1
865	1
866	1
867	1
868	0
869	1
870	1
871	0
872	0
873	1
874	1
875	1
876	0
877	1
878	1
879	1
880	0
881	0
882	1
883	1
884	1
885	1
886	1
887	1
888	1
889	1
890	0
891	0
892	1
893	0
894	1
895	0
896	0
897	0
898	0
899	1
900	1
901	1
902	1
903	0
904	0
905	0
906	1
907	1
908	0
909	1
910	0
911	0
912	1
913	1
914	1
915	0
916	1
917	1
918	1
919	1
920	1
921	1
922	0
923	1
924	0
925	0
926	1
927	1
928	1
929	0
930	0
931	1
932	1
933	1
934	1
935	1
936	0
937	0
938	0
939	1
940	0
941	1
942	1
943	1
944	0
945	1
946	0
947	0
948	0
949	1
950	1
951	0
952	1
953	0
954	0
955	0
956	0
957	0
958	0
959	1
960	0
961	1
962	1
963	1
964	0
965	0
966	0
967	0
968	0
969	0
970	0
971	0
972	0
973	0
974	0
975	1
976	1
977	1
978	0
979	0
980	0
981	1
982	0
983	0
984	1
985	0
986	1
987	1
988	1
989	1
990	0
991	1
992	1
993	0
994	1
995	0
996	0
997	1
998	0
999	1
1000	1
1001	1
1002	1
1003	1
1004	0
1005	0
1006	1
1007	0
1008	1
1009	0
1010	0
1011	0
1012	0
1013	0
1014	1
1015	0
1016	1
1017	1
1018	1
1019	0
1020	0
1021	1
1022	1
1023	1
1024	0
1025	1
1026	1
1027	0
1028	1
1029	0
1030	0
1031	1
1032	1
1033	0
1034	0
1035	1
1036	0
1037	0
1038	1
1039	1
1040	0
1041	0
1042	1
1043	1
1044	1
1045	0
1046	0
1047	1
1048	0
1049	0
1050	0
1051	0
1052	1
1053	1
1054	1
1055	1
1056	0
1057	1
1058	0
1059	0
1060	1
1061	0
1062	1
1063	0
1064	0
1065	1
1066	0
1067	1
1068	1
1069	1
1070	0
1071	1
1072	0
1073	0
1074	1
1075	1
1076	1
1077	1
1078	0
1079	0
1080	0
1081	1
1082	0
1083	1
1084	1
1085	1
1086	0
1087	0
1088	0
1089	0
1090	0
1091	0
1092	0
1093	1
1094	1
1095	1
1096	0
1097	1
1098	0
1099	0
1100	0
1101	1
1102	1
1103	1
1104	1
1105	1
1106	0
1107	1
1108	0
1109	0
1110	1
1111	0
1112	0
1113	0
1114	1
1115	0
1116	1
1117	0
1118	1
1119	1
1120	0
1121	1
1122	0
1123	0
1124	1
1125	1
1126	1
1127	1
1128	1
1129	1
1130	1
1131	0
1132	0
1133	0
1134	1
1135	0
1136	0
1137	0
1138	0
1139	0
1140	0
1141	0
1142	1
1143	1
1144	0
1145	0
1146	0
1147	0
1148	1
1149	0
1150	0
1151	1
1152	0
1153	0
1154	0
1155	1
1156	1
1157	0
1158	1
1159	0
1160	0
1161	0
1162	1
1163	0
1164	0
1165	1
1166	0
1167	1
1168	1
1169	0
1170	0
1171	1
1172	1
1173	0
1174	1
1175	1
1176	1
1177	0
1178	1
1179	1
1180	1
1181	1
1182	0
1183	0
1184	0
1185	0
1186	1
1187	1
1188	0
1189	1
1190	0
1191	1
1192	1
1193	0
1194	0
1195	1
1196	1
1197	1
1198	1
1199	0
1200	1
1201	1
1202	1
1203	0
1204	0
1205	1
1206	1
1207	1
1208	0
1209	0
1210	0
1211	1
1212	1
1213	1
1214	0
1215	0
1216	0
1217	0
1218	1
1219	0
1220	1
1221	0
1222	1
1223	1
1224	1
1225	1
1226	0
1227	1
1228	1
1229	1
1230	0
1231	0
1232	0
1233	1
1234	1
1235	1
1236	1
1237	1
1238	1
1239	1
1240	1
1241	1
1242	0
1243	0
1244	1
1245	1
1246	0
1247	0
1248	0
1249	1
1250	0
1251	0
1252	1
1253	0
1254	0
1255	0
1256	0
1257	0
1258	1
1259	0
1260	1
1261	1
1262	0
1263	0
1264	0
1265	1
1266	0
1267	1
1268	0
1269	0
1270	0
1271	1
1272	0
1273	1
1274	1
1275	0
1276	1
1277	0
1278	1
1279	1
1280	0
1281	0
1282	0
1283	1
1284	1
1285	0
1286	0
1287	0
1288	0
1289	0
1290	0
1291	1
1292	1
1293	1
1294	1
1295	0
1296	1
1297	0
1298	1
1299	1
1300	1
1301	0
1302	1
1303	0
1304	0
1305	0
1306	0
1307	0
1308	0
1309	1
1310	1
1311	0
1312	1
1313	0
1314	0
1315	0
1316	0
1317	0
1318	1
1319	1
1320	1
1321	1
1322	0
1323	0
1324	0
1325	0
1326	0
1327	0
1328	0
1329	0
1330	0
1331	1
1332	1
1333	0
1334	0
1335	0
1336	1
1337	1
1338	0
1339	0
1340	0
1341	0
1342	1
1343	1
1344	1
1345	0
1346	0
1347	0
1348	1
1349	1
1350	0
1351	0
1352	0
1353	1
1354	0
1355	1
1356	0
1357	1
1358	0
1359	1
1360	0
1361	1
1362	1
1363	1
1364	1
1365	0
1366	0
1367	0
1368	1
1369	0
1370	1
1371	0
1372	0
1373	0
1374	1
1375	0
1376	0
1377	0
1378	0
1379	0
1380	0
1381	0
1382	0
1383	1
1384	0
1385	0
1386	1
1387	0
1388	1
1389	0
1390	1
1391	0
1392	0
1393	0
1394	1
1395	0
1396	1
1397	1
1398	1
1399	0
1400	1
1401	1
1402	1
1403	1
1404	0
1405	0
1406	0
1407	0
1408	0
1409	0
1410	1
1411	0
1412	0
1413	0
1414	1
1415	0
1416	0
1417	0
1418	1
1419	0
1420	0
1421	0
1422	1
1423	0
1424	1
1425	0
1426	0
1427	0
1428	0
1429	0
1430	0
1431	1
1432	1
1433	0
1434	1
1435	1
1436	0
1437	0
1438	1
1439	1
1440	0
1441	1
1442	0
1443	1
1444	1
1445	0
1446	1
1447	0
1448	0
1449	0
1450	1
1451	1
1452	1
1453	0
1454	0
1455	1
1456	1
1457	1
1458	1
1459	1
1460	0
1461	0
1462	1
1463	1
1464	1
1465	1
1466	0
1467	1
1468	1
1469	0
1470	0
1471	1
1472	1
1473	0
1474	0
1475	1
1476	1
1477	1
1478	0
1479	1
1480	0
1481	1
1482	0
1483	1
1484	1
1485	0
1486	0
1487	0
1488	1
1489	1
1490	1
1491	0
1492	1
1493	1
1494	0
1495	0
1496	1
1497	0
1498	0
1499	1
1500	1
1501	0
1502	1
1503	0
1504	1
1505	1
1506	1
1507	1
1508	0
1509	0
1510	0
1511	0
1512	0
1513	0
1514	1
1515	0
1516	1
1517	1
1518	1
1519	0
1520	1
1521	1
1522	0
1523	1
1524	1
1525	0
1526	0
1527	1
1528	0
1529	0
1530	0
1531	0
1532	0
1533	0
1534	1
1535	0
1536	1
1537	1
1538	0
1539	0
1540	1
1541	1
1542	0
1543	0
1544	1
1545	1
1546	0
1547	0
1548	0
1549	0
1550	0
1551	1
1552	1
1553	0
1554	0
1555	0
1556	0
1557	0
1558	1
1559	0
1560	1
1561	0
1562	0
1563	1
1564	0
1565	0
1566	0
1567	0
1568	1
1569	0
1570	0
1571	0
1572	1
1573	1
1574	1
1575	1
1576	1
1577	1
1578	1
1579	1
1580	0
1581	0
