0	0
1	1
2	0
3	0
4	0
5	1
6	0
7	0
8	0
9	1
10	1
11	1
12	1
13	0
14	1
15	0
16	0
17	0
18	0
19	1
20	1
21	1
22	0
23	0
24	0
25	1
26	0
27	0
28	1
29	1
30	1
31	0
32	0
33	0
34	0
35	0
36	1
37	0
38	1
39	0
40	0
41	0
42	1
43	0
44	0
45	0
46	0
47	0
48	0
49	0
50	0
51	1
52	0
53	1
54	0
55	0
56	1
57	1
58	1
59	0
60	0
61	0
62	0
63	0
64	1
65	0
66	1
67	0
68	0
69	0
70	1
71	1
72	0
73	1
74	1
75	0
76	0
77	0
78	1
79	0
80	1
81	0
82	1
83	0
84	0
85	0
86	1
87	0
88	0
89	0
90	1
91	1
92	0
93	0
94	0
95	1
96	1
97	0
98	0
99	1
100	0
101	0
102	0
103	1
104	0
105	0
106	0
107	0
108	0
109	0
110	1
111	0
112	1
113	0
114	0
115	0
116	0
117	1
118	0
119	0
120	1
121	0
122	0
123	0
124	0
125	0
126	0
127	0
128	0
129	0
130	0
131	0
132	0
133	1
134	1
135	1
136	0
137	0
138	0
139	1
140	0
141	0
142	0
143	0
144	0
145	1
146	0
147	0
148	0
149	0
150	0
151	0
152	0
153	1
154	0
155	0
156	1
157	1
158	0
159	0
160	0
161	0
162	0
163	0
164	0
165	1
166	1
167	1
168	1
169	0
170	0
171	0
172	1
173	1
174	1
175	0
176	0
177	0
178	1
179	0
180	1
181	0
182	1
183	1
184	0
185	0
186	0
187	0
188	1
189	1
190	0
191	0
192	0
193	1
194	1
195	0
196	0
197	0
198	0
199	1
200	0
201	1
202	1
203	0
204	0
205	0
206	0
207	1
208	0
209	0
210	1
211	0
212	1
213	0
214	0
215	0
216	0
217	1
218	1
219	1
220	0
221	0
222	0
223	0
224	0
225	1
226	1
227	0
228	0
229	0
230	1
231	0
232	1
233	0
234	1
235	0
236	1
237	0
238	0
239	0
240	0
241	0
242	1
243	0
244	0
245	1
246	0
247	0
248	0
249	0
250	1
251	0
252	1
253	1
254	0
255	0
256	0
257	0
258	1
259	1
260	0
261	1
262	0
263	0
264	0
265	1
266	0
267	0
268	0
269	0
270	1
271	0
272	0
273	1
274	1
275	1
276	0
277	0
278	1
279	0
280	1
281	1
282	0
283	1
284	0
285	0
286	1
287	1
288	1
289	0
290	0
291	0
292	0
293	0
294	0
295	1
296	0
297	1
298	0
299	0
300	1
301	0
302	1
303	1
304	1
305	0
306	0
307	1
308	0
309	0
310	0
311	1
312	0
313	0
314	1
315	0
316	1
317	0
318	0
319	0
320	1
321	1
322	0
323	1
324	0
325	1
326	0
327	0
328	1
329	1
330	0
331	1
332	0
333	0
334	0
335	1
336	0
337	1
338	1
339	1
340	0
341	1
342	0
343	0
344	0
345	0
346	0
347	0
348	0
349	0
350	1
351	1
352	0
353	0
354	0
355	1
356	0
357	1
358	0
359	1
360	0
361	0
362	0
363	1
364	1
365	0
366	0
367	0
368	0
369	0
370	0
371	0
372	1
373	0
374	0
375	0
376	0
377	0
378	1
379	0
380	0
381	1
382	1
383	1
384	0
385	0
386	0
387	0
388	0
389	0
390	0
391	0
392	1
393	0
394	1
395	0
396	1
397	0
398	0
399	0
400	0
401	1
402	0
403	0
404	0
405	1
406	0
407	0
408	0
409	1
410	0
411	1
412	0
413	1
414	1
415	1
416	0
417	0
418	0
419	1
420	0
421	0
422	0
423	0
424	1
425	1
426	0
427	0
428	1
429	0
430	0
431	0
432	0
433	1
434	0
435	1
436	0
437	1
438	0
439	0
440	0
441	1
442	0
443	0
444	1
445	0
446	1
447	1
448	0
449	0
450	1
451	1
452	0
453	0
454	1
455	0
456	0
457	1
458	1
459	0
460	0
461	1
462	1
463	1
464	0
465	0
466	1
467	1
468	1
469	0
470	1
471	1
472	1
473	1
474	1
475	0
476	0
477	0
478	0
479	0
480	0
481	0
482	0
483	0
484	1
485	0
486	0
487	0
488	0
489	1
490	1
491	0
492	0
493	1
494	0
495	1
496	0
497	0
498	1
499	0
500	1
501	0
502	0
503	1
504	0
505	0
506	0
507	0
508	1
509	0
510	1
511	0
512	1
513	1
514	1
515	1
516	1
517	1
518	1
519	0
520	0
521	0
522	1
523	0
524	0
525	0
526	0
527	0
528	0
529	0
530	0
531	1
532	1
533	1
534	1
535	0
536	0
537	1
538	0
539	1
540	1
541	1
542	0
543	0
544	0
545	0
546	0
547	1
548	1
549	1
550	0
551	0
552	0
553	0
554	0
555	0
556	0
557	1
558	0
559	0
560	1
561	0
562	0
563	1
564	0
565	1
566	0
567	0
568	0
569	0
570	0
571	0
572	0
573	0
574	0
575	0
576	1
577	0
578	0
579	0
580	0
581	0
582	0
583	0
584	0
585	0
586	0
587	0
588	0
589	0
590	0
591	0
592	0
593	0
594	0
595	0
596	0
597	0
598	1
599	0
600	0
601	0
602	0
603	0
604	0
605	1
606	0
607	0
608	0
609	0
610	1
611	0
612	0
613	0
614	0
615	0
616	0
617	0
618	0
619	0
620	0
621	0
622	0
623	0
624	0
625	0
626	0
627	0
628	0
629	0
630	0
631	0
632	1
633	0
634	1
635	0
636	0
637	0
638	0
639	0
640	0
641	0
642	0
643	0
644	1
645	0
646	0
647	0
648	0
649	0
650	0
651	0
652	0
653	0
654	0
655	1
656	1
657	0
658	0
659	0
660	1
661	0
662	0
663	0
664	0
665	0
666	1
667	0
668	0
669	0
670	0
671	0
672	0
673	0
674	0
675	0
676	1
677	0
678	1
679	0
680	0
681	0
682	0
683	0
684	1
685	0
686	0
687	0
688	0
689	0
690	0
691	0
692	1
693	1
694	1
695	0
696	1
697	1
698	1
699	0
700	1
701	0
702	0
703	0
704	0
705	0
706	1
707	0
708	0
709	0
710	0
711	0
712	0
713	0
714	0
715	1
716	0
717	0
718	0
719	0
720	0
721	0
722	0
723	0
724	0
725	1
726	1
727	0
728	0
729	0
730	0
731	0
732	0
733	0
734	0
735	0
736	0
737	0
738	1
739	0
740	0
741	0
742	0
743	0
744	1
745	1
746	0
747	1
748	0
749	1
750	0
751	0
752	0
753	0
754	0
755	0
756	1
757	1
758	0
759	0
760	0
761	0
762	1
763	0
764	0
765	1
766	0
767	0
768	0
769	0
770	0
771	0
772	0
773	0
774	0
775	0
776	1
777	0
778	0
779	0
780	0
781	0
782	1
783	0
784	1
785	1
786	1
787	1
788	1
789	0
790	1
791	1
792	1
793	0
794	0
795	0
796	0
797	1
798	1
799	0
800	1
801	0
802	0
803	1
804	0
805	0
806	1
807	0
808	0
809	1
810	1
811	1
812	1
813	0
814	0
815	0
816	0
817	0
818	1
819	1
820	0
821	0
822	1
823	0
824	0
825	0
826	0
827	1
828	0
829	0
830	1
831	1
832	1
833	1
834	0
835	0
836	0
837	0
838	0
839	1
840	0
841	0
842	0
843	0
844	0
845	0
846	0
847	1
848	0
849	1
850	0
851	1
852	0
853	0
854	1
855	0
856	1
857	0
858	0
859	1
860	0
861	0
862	0
863	0
864	1
865	0
866	1
867	0
868	1
869	1
870	0
871	0
872	0
873	0
874	1
875	0
876	0
877	0
878	0
879	1
880	0
881	1
882	1
883	0
884	1
885	1
886	0
887	0
888	1
889	0
890	0
891	1
892	1
893	0
894	0
895	1
896	0
897	0
898	0
899	1
900	1
901	0
902	0
903	0
904	0
905	0
906	0
907	0
908	0
909	0
910	0
911	0
912	0
913	0
914	0
915	0
916	0
917	0
918	0
919	0
920	0
921	0
922	0
923	0
924	0
925	0
926	0
927	0
928	0
929	0
930	0
931	0
932	0
933	1
934	0
935	0
936	0
937	1
938	1
939	0
940	0
941	0
942	1
943	0
944	1
945	0
946	1
947	0
948	0
949	0
950	0
951	0
952	0
953	0
954	0
955	1
956	1
957	0
958	0
959	0
960	0
961	0
962	1
963	1
964	0
965	0
966	1
967	0
968	1
969	1
970	0
971	1
972	1
973	1
974	0
975	1
976	1
977	1
978	1
979	0
980	0
981	0
982	0
983	1
984	0
985	1
986	1
987	0
988	1
989	0
990	0
991	0
992	0
993	0
994	1
995	0
996	0
997	0
998	0
999	0
1000	0
1001	0
1002	1
1003	1
1004	0
1005	0
1006	0
1007	1
1008	1
1009	1
1010	0
1011	0
1012	0
1013	0
1014	0
1015	0
1016	0
1017	0
1018	0
1019	1
1020	0
1021	0
1022	0
1023	0
1024	0
1025	0
1026	0
1027	1
1028	0
1029	0
1030	1
1031	1
1032	0
1033	0
1034	0
1035	0
1036	0
1037	0
1038	0
1039	0
1040	1
1041	0
1042	0
1043	0
1044	1
1045	0
1046	0
1047	0
1048	1
1049	0
1050	0
1051	0
1052	1
1053	0
1054	1
1055	0
1056	0
1057	0
1058	0
1059	0
1060	0
1061	0
1062	0
1063	1
1064	0
1065	0
1066	0
1067	1
1068	0
1069	0
1070	0
1071	0
1072	0
1073	0
1074	1
1075	0
1076	0
1077	0
1078	1
1079	0
1080	0
1081	0
1082	0
1083	1
1084	1
1085	0
1086	1
1087	0
1088	0
1089	1
1090	0
1091	0
1092	0
1093	0
1094	0
1095	0
1096	1
1097	0
1098	0
1099	1
1100	0
1101	1
1102	0
1103	1
1104	0
1105	1
1106	0
1107	0
1108	0
1109	0
1110	1
1111	1
1112	0
1113	0
1114	0
1115	0
1116	0
1117	0
1118	1
1119	0
1120	1
1121	1
1122	0
1123	0
1124	0
1125	0
1126	0
1127	0
1128	0
1129	0
1130	0
1131	0
1132	1
1133	1
1134	1
1135	0
1136	1
1137	0
1138	0
1139	0
1140	0
1141	0
1142	0
1143	1
1144	0
1145	0
1146	0
1147	1
1148	0
1149	0
1150	0
1151	0
1152	0
1153	0
1154	0
1155	0
1156	0
1157	0
1158	1
1159	0
1160	1
1161	0
1162	0
1163	0
1164	0
1165	0
1166	0
1167	0
1168	0
1169	1
1170	0
1171	0
1172	0
1173	0
1174	0
1175	0
1176	0
1177	1
1178	0
1179	1
1180	0
1181	0
1182	0
1183	0
1184	0
1185	1
1186	1
1187	0
1188	0
1189	1
1190	1
1191	1
1192	1
1193	0
1194	1
1195	1
1196	1
1197	1
1198	0
1199	1
1200	0
1201	0
1202	0
1203	0
1204	0
1205	0
1206	0
1207	0
1208	0
1209	0
1210	0
1211	0
1212	0
1213	0
1214	0
1215	0
1216	1
1217	0
1218	0
1219	1
1220	0
1221	1
1222	1
1223	0
1224	0
1225	1
1226	0
1227	1
1228	0
1229	1
1230	1
1231	1
1232	0
1233	0
1234	0
1235	0
1236	1
1237	0
1238	1
1239	1
1240	0
1241	1
1242	0
1243	0
1244	0
1245	0
1246	1
1247	0
1248	0
1249	0
1250	0
1251	1
1252	0
1253	0
1254	0
1255	0
1256	1
1257	0
1258	0
1259	0
1260	0
1261	0
1262	0
1263	0
1264	0
1265	0
1266	1
1267	1
1268	0
1269	0
1270	0
1271	0
1272	1
1273	0
1274	0
1275	0
1276	0
1277	0
1278	0
1279	0
1280	0
1281	0
1282	0
1283	0
1284	0
1285	0
1286	1
1287	0
1288	0
1289	1
1290	1
1291	0
1292	0
1293	0
1294	0
1295	0
1296	0
1297	0
1298	0
1299	0
1300	1
1301	1
1302	0
1303	0
1304	0
1305	1
1306	0
1307	0
1308	0
1309	1
1310	0
1311	0
1312	1
1313	0
1314	1
1315	0
1316	0
1317	0
1318	0
1319	0
1320	0
1321	1
1322	0
1323	0
1324	0
1325	1
1326	0
1327	0
1328	0
1329	0
1330	1
1331	1
1332	0
1333	1
1334	0
1335	0
1336	0
1337	0
1338	0
1339	0
1340	0
1341	0
1342	0
1343	0
1344	0
1345	0
1346	0
1347	0
1348	0
1349	0
1350	0
1351	0
1352	1
1353	1
1354	0
1355	0
1356	0
1357	1
1358	0
1359	0
1360	1
1361	0
1362	0
1363	0
1364	0
1365	1
1366	1
1367	0
1368	0
1369	0
1370	0
1371	1
1372	0
1373	0
1374	0
1375	0
1376	0
1377	0
1378	0
1379	1
1380	0
1381	0
1382	0
1383	1
1384	0
1385	1
1386	0
1387	0
1388	0
1389	0
1390	0
1391	1
1392	1
1393	0
1394	0
1395	0
1396	1
1397	0
1398	0
1399	0
1400	1
1401	0
1402	1
1403	0
1404	0
1405	0
1406	0
1407	1
1408	0
1409	1
1410	0
1411	1
1412	0
1413	0
1414	1
1415	0
1416	0
1417	0
1418	0
1419	0
1420	0
1421	1
1422	1
1423	0
1424	0
1425	0
1426	0
1427	0
1428	1
1429	0
1430	1
1431	0
1432	0
1433	0
