0	0
1	0
2	1
3	0
4	0
5	0
6	0
7	0
8	0
9	0
10	0
11	0
12	0
13	0
14	1
15	1
16	0
17	1
18	0
19	0
20	1
21	0
22	0
23	0
24	0
25	0
26	1
27	0
28	0
29	1
30	0
31	1
32	0
33	0
34	1
35	0
36	0
37	0
38	0
39	0
40	1
41	1
42	0
43	1
44	0
45	0
46	1
47	0
48	0
49	0
50	0
51	0
52	0
53	1
54	0
55	0
56	0
57	1
58	0
59	0
60	0
61	1
62	0
63	1
64	0
65	0
66	0
67	1
68	1
69	1
70	0
71	0
72	0
73	1
74	0
75	0
76	0
77	1
78	0
79	1
80	0
81	0
82	0
83	1
84	1
85	0
86	1
87	0
88	1
89	0
90	1
91	0
92	0
93	0
94	0
95	0
96	1
97	1
98	1
99	1
100	0
101	0
102	0
103	1
104	0
105	0
106	0
107	0
108	0
109	0
110	0
111	0
112	0
113	0
114	0
115	0
116	0
117	0
118	0
119	0
120	1
121	1
122	0
123	0
124	1
125	0
126	1
127	0
128	0
129	1
130	0
131	0
132	0
133	1
134	1
135	0
136	1
137	0
138	0
139	0
140	0
141	0
142	0
143	0
144	0
145	0
146	0
147	0
148	0
149	0
150	0
151	0
152	0
153	0
154	1
155	0
156	1
157	0
158	0
159	0
160	0
161	1
162	0
163	0
164	0
165	0
166	0
167	0
168	0
169	0
170	0
171	0
172	0
173	0
174	1
175	0
176	0
177	0
178	0
179	0
180	1
181	0
182	1
183	0
184	0
185	0
186	0
187	1
188	0
189	0
190	0
191	1
192	0
193	0
194	0
195	0
196	0
197	0
198	0
199	1
200	1
201	0
202	0
203	0
204	0
205	1
206	0
207	0
208	1
209	1
210	0
211	0
212	0
213	1
214	0
215	0
216	0
217	0
218	0
219	1
220	0
221	1
222	0
223	0
224	0
225	0
226	0
227	0
228	0
229	0
230	0
231	0
232	0
233	0
234	1
235	0
236	0
237	1
238	1
239	1
240	0
241	0
242	0
243	1
244	0
245	0
246	0
247	0
248	0
249	0
250	0
251	0
252	0
253	0
254	0
255	0
256	0
257	0
258	0
259	1
260	1
261	0
262	0
263	0
264	1
265	0
266	0
267	0
268	0
269	0
270	0
271	0
272	0
273	0
274	0
275	0
276	1
277	0
278	0
279	0
280	0
281	1
282	1
283	0
284	0
285	0
286	0
287	1
288	0
289	1
290	0
291	1
292	1
293	1
294	0
295	0
296	1
297	1
298	0
299	1
300	1
301	1
302	0
303	1
304	0
305	1
306	0
307	0
308	1
309	0
310	0
311	0
312	0
313	0
314	0
315	0
316	1
317	1
318	1
319	0
320	0
321	0
322	0
323	0
324	1
325	0
326	0
327	0
328	0
329	0
330	1
331	0
332	0
333	1
334	0
335	0
336	0
337	0
338	0
339	0
340	1
341	0
342	1
343	0
344	0
345	1
346	0
347	1
348	0
349	0
350	1
351	0
352	0
353	0
354	1
355	0
356	0
357	0
358	0
359	1
360	0
361	1
362	0
363	0
364	0
365	1
366	0
367	0
368	1
369	0
370	0
371	1
372	1
373	0
374	0
375	0
376	1
377	0
378	0
379	0
380	1
381	0
382	1
383	0
384	0
385	0
386	1
387	0
388	0
389	0
390	0
391	0
392	0
393	0
394	0
395	0
396	0
397	0
398	1
399	0
400	0
401	1
402	0
403	0
404	0
405	0
406	1
407	1
408	0
409	0
410	0
411	1
412	0
413	1
414	0
415	0
416	0
417	0
418	0
419	0
420	0
421	1
422	0
423	0
424	0
425	0
426	0
427	1
428	0
429	0
430	0
431	0
432	1
433	0
434	1
435	0
436	1
437	0
438	0
439	1
440	0
441	0
442	0
443	0
444	0
445	0
446	0
447	0
448	0
449	0
450	0
451	1
452	0
453	1
454	0
455	1
456	0
457	0
458	1
459	0
460	1
461	0
462	0
463	1
464	1
465	0
466	1
467	0
468	0
469	0
470	0
471	0
472	0
473	0
474	0
475	0
476	0
477	0
478	0
479	1
480	1
481	1
482	0
483	0
484	0
485	1
486	0
487	0
488	0
489	0
490	0
491	0
492	0
493	0
494	1
495	1
496	0
497	0
498	0
499	0
500	0
501	1
502	0
503	0
504	0
505	0
506	0
507	0
508	1
509	1
510	0
511	0
512	0
513	0
514	0
515	1
516	1
517	1
518	1
519	0
520	0
521	1
522	0
523	1
524	1
525	0
526	0
527	1
528	0
529	0
530	1
531	0
532	0
533	0
534	0
535	0
536	1
537	0
538	1
539	1
540	0
541	0
542	1
543	0
544	0
545	0
546	0
547	0
548	1
549	0
550	0
551	0
552	0
553	0
554	0
555	0
556	0
557	1
558	0
559	1
560	0
561	0
562	0
563	0
564	0
565	0
566	0
567	0
568	0
569	1
570	0
571	0
572	1
573	0
574	0
575	1
576	0
577	0
578	0
579	0
580	1
581	0
582	0
583	0
584	0
585	1
586	0
587	0
588	1
589	0
590	0
591	1
592	1
593	0
594	0
595	0
596	0
597	1
598	0
599	0
600	0
601	0
602	0
603	0
604	1
605	0
606	0
607	0
608	0
609	0
610	0
611	1
612	0
613	0
614	0
615	0
616	0
617	0
618	0
619	0
620	0
621	1
622	0
623	1
624	0
625	0
626	0
627	0
628	0
629	1
630	0
631	0
632	0
633	0
634	0
635	0
636	1
637	0
638	0
639	0
640	0
641	0
642	0
643	0
644	0
645	0
646	0
647	0
648	0
649	0
650	1
651	0
652	0
653	0
654	0
655	0
656	0
657	1
658	0
659	1
660	0
661	0
662	0
663	1
664	0
665	0
666	0
667	0
668	0
669	0
670	1
671	0
672	0
673	1
674	1
675	1
676	0
677	0
678	1
679	0
680	1
681	0
682	0
683	0
684	0
685	0
686	1
687	0
688	0
689	0
690	0
691	0
692	0
693	1
694	0
695	0
696	0
697	0
698	0
699	1
700	0
701	1
702	0
703	1
704	0
705	0
706	1
707	0
708	1
709	0
710	0
711	0
712	1
713	0
714	1
715	1
716	1
717	0
718	0
719	0
720	0
721	0
722	1
723	0
724	0
725	0
726	0
727	0
728	1
729	0
730	0
731	0
732	0
733	0
734	0
735	0
736	0
737	0
738	0
739	1
740	0
741	0
742	0
743	0
744	1
745	0
746	0
747	1
748	0
749	1
750	1
751	0
752	0
753	0
754	0
755	0
756	0
757	0
758	0
759	1
760	0
761	0
762	1
763	0
764	0
765	1
766	0
767	0
768	0
769	1
770	1
771	0
772	0
773	0
774	0
775	0
776	0
777	0
778	0
779	0
780	0
781	0
782	0
783	1
784	0
785	0
786	1
787	0
788	0
789	0
790	0
791	0
792	0
793	0
794	1
795	0
796	0
797	0
798	0
799	0
800	0
801	0
802	0
803	1
804	1
805	1
806	0
807	0
808	0
809	0
810	0
811	0
812	0
813	1
814	0
815	0
816	1
817	0
818	0
819	0
820	0
821	0
822	0
823	0
824	0
825	0
826	0
827	0
828	1
829	0
830	0
831	0
832	0
833	0
834	1
835	0
836	1
837	0
838	1
839	0
840	0
841	1
842	0
843	0
844	0
845	0
846	1
847	0
848	0
849	0
850	0
851	0
852	0
853	0
854	0
855	0
856	1
857	1
858	1
859	0
860	0
861	0
862	0
863	0
864	0
865	0
866	0
867	0
868	0
869	0
870	0
871	1
872	0
873	0
874	0
875	1
876	0
877	1
878	0
879	1
880	0
881	0
882	0
883	0
884	0
885	1
886	0
887	0
888	0
889	0
890	1
891	0
892	0
893	0
894	0
895	0
896	0
897	0
898	0
899	0
900	1
901	0
902	0
903	0
904	0
905	0
906	0
907	0
908	0
909	0
910	0
911	0
912	0
913	0
914	0
915	1
916	1
917	0
918	0
919	0
920	1
921	0
922	0
923	0
924	0
925	0
926	0
927	0
928	0
929	0
930	0
931	0
932	0
933	0
934	0
935	0
936	0
937	1
938	0
939	0
940	0
941	0
942	0
943	0
944	0
945	0
946	1
947	0
948	1
949	0
950	1
951	0
952	0
953	0
954	0
955	0
956	0
957	1
958	0
959	0
960	0
961	1
962	0
963	0
964	1
965	0
966	0
967	0
968	0
