0	1
1	0
2	0
3	0
4	0
5	0
6	0
7	0
8	0
9	1
10	1
11	0
12	0
13	0
14	0
15	0
16	0
17	1
18	0
19	1
20	1
21	0
22	0
23	1
24	1
25	1
26	1
27	0
28	1
29	1
30	0
31	1
32	1
33	1
34	0
35	1
36	1
37	1
38	1
39	0
40	1
41	0
42	0
43	1
44	1
45	0
46	0
47	0
48	1
49	1
50	1
51	1
52	1
53	0
54	1
55	1
56	1
57	0
58	0
59	1
60	1
61	0
62	0
63	1
64	0
65	0
66	0
67	0
68	0
69	0
70	0
71	0
72	1
73	1
74	0
75	0
76	0
77	0
78	1
79	1
80	1
81	0
82	0
83	0
84	0
85	1
86	0
87	0
88	0
89	0
90	0
91	0
92	0
93	0
94	0
95	0
96	0
97	0
98	0
99	0
100	0
101	0
102	0
103	0
104	0
105	0
106	1
107	0
108	1
109	1
110	1
111	1
112	1
113	1
114	0
115	1
116	0
117	1
118	0
119	0
120	0
121	0
122	0
123	0
124	1
125	0
126	0
127	1
128	0
129	0
130	0
131	0
132	0
133	0
134	0
135	0
136	0
137	0
138	0
139	0
140	0
141	1
142	0
143	1
144	1
145	1
146	1
147	0
148	1
149	1
150	1
151	1
152	1
153	1
154	0
155	1
156	1
157	0
158	1
159	0
160	0
161	1
162	0
163	0
164	1
165	0
166	1
167	0
168	1
169	1
170	0
171	0
172	1
173	0
174	1
175	0
176	0
177	0
178	0
179	0
180	1
181	0
182	1
183	1
184	0
185	0
186	0
187	1
188	0
189	1
190	0
191	1
192	0
193	0
194	1
195	1
196	0
197	0
198	1
199	1
200	1
201	1
202	1
203	1
204	0
205	0
206	1
207	1
208	0
209	0
210	0
211	0
212	0
213	0
214	1
215	1
216	1
217	1
218	0
219	0
220	1
221	1
222	0
223	1
224	1
225	0
226	1
227	0
228	1
229	1
230	0
231	0
232	0
233	1
234	0
235	0
236	1
237	0
238	0
239	1
240	1
241	0
242	0
243	0
244	1
245	0
246	0
247	1
248	0
249	1
250	0
251	0
252	0
253	0
254	0
255	0
256	0
257	0
258	1
259	0
260	1
261	0
262	0
263	1
264	0
265	0
266	1
267	0
268	1
269	1
270	1
271	0
272	0
273	0
274	0
275	1
276	1
277	0
278	1
279	1
280	1
281	1
282	1
283	1
284	0
285	1
286	1
287	0
288	0
289	1
290	1
291	1
292	1
293	1
294	1
295	0
296	0
297	0
298	0
299	0
300	0
301	1
302	1
303	1
304	1
305	1
306	0
307	0
308	0
309	0
310	1
311	0
312	0
313	0
314	0
315	1
316	0
317	0
318	0
319	0
320	0
321	0
322	0
323	1
324	1
325	1
326	1
327	0
328	1
329	1
330	1
331	0
332	0
333	1
334	1
335	1
336	0
337	1
338	1
339	1
340	1
341	1
342	1
343	0
344	1
345	1
346	0
347	1
348	1
349	0
350	0
351	0
352	1
353	0
354	0
355	0
356	0
357	0
358	0
359	0
360	1
361	1
362	0
363	0
364	0
365	0
366	0
367	0
368	0
369	1
370	0
371	0
372	0
373	1
374	0
375	1
376	1
377	0
378	0
379	0
380	0
381	0
382	0
383	0
384	0
385	0
386	0
387	1
388	1
389	0
390	0
391	0
392	1
393	1
394	1
395	0
396	0
397	1
398	0
399	0
400	0
401	1
402	0
403	1
404	1
405	1
406	0
407	0
408	0
409	1
410	1
411	0
412	0
413	0
414	0
415	1
416	1
417	0
418	1
419	0
420	1
421	0
422	0
423	1
424	1
425	0
426	1
427	1
428	1
429	1
430	0
431	1
432	0
433	0
434	0
435	1
436	0
437	0
438	0
439	0
440	1
441	1
442	1
443	0
444	1
445	1
446	1
447	0
448	1
449	0
450	0
451	1
452	1
453	1
454	1
455	0
456	1
457	1
458	1
459	1
460	1
461	0
462	1
463	0
464	0
465	0
466	1
467	1
468	1
469	1
470	1
471	0
472	1
473	1
474	1
475	0
476	1
477	1
478	0
479	1
480	1
481	0
482	0
483	1
484	1
485	0
486	1
487	1
488	1
489	0
490	0
491	1
492	1
493	0
494	1
495	1
496	0
497	1
498	0
499	0
500	0
501	0
502	1
503	0
504	1
505	1
506	1
507	0
508	1
509	1
510	1
511	1
512	0
513	1
514	1
515	0
516	0
517	0
518	1
519	0
520	1
521	1
522	0
523	0
524	1
525	1
526	0
527	1
528	0
529	0
530	1
531	1
532	1
533	0
534	0
535	1
536	0
537	0
538	0
539	1
540	0
541	1
542	0
543	0
544	0
545	1
546	0
547	0
548	0
549	0
550	1
551	0
552	1
553	0
554	1
555	0
556	0
557	1
558	1
559	0
560	1
561	0
562	1
563	0
564	0
565	1
566	0
567	0
568	0
569	0
570	1
571	0
572	0
573	1
574	1
575	0
576	0
577	0
578	0
579	1
580	0
581	0
582	0
583	1
584	0
585	0
586	0
587	1
588	0
589	0
590	0
591	1
592	1
593	0
594	1
595	1
596	1
597	0
598	0
599	0
600	0
601	0
602	0
603	0
604	0
605	0
606	0
607	0
608	1
609	0
610	0
611	0
612	1
613	0
614	1
615	0
616	1
617	1
618	0
619	0
620	0
621	0
622	0
623	0
624	1
625	0
626	1
627	1
628	0
629	0
630	0
631	0
632	0
633	0
634	1
635	0
636	0
637	0
638	0
639	0
640	1
641	0
642	0
643	1
644	0
645	0
646	0
647	0
648	0
649	0
650	1
651	1
652	0
653	1
654	0
655	1
656	0
657	0
658	1
659	0
660	0
661	1
662	0
663	1
664	0
665	1
666	1
667	1
668	0
669	1
670	0
671	1
672	0
673	1
674	0
675	0
676	0
677	1
678	0
679	1
680	1
681	1
682	0
683	0
684	1
685	1
686	1
687	1
688	1
689	0
690	0
691	0
692	0
693	0
694	1
695	1
696	0
697	0
698	0
699	0
700	0
701	0
702	1
703	0
704	1
705	0
706	0
707	0
708	1
709	1
710	0
711	0
712	1
713	0
714	1
715	0
716	0
717	1
718	1
719	0
720	0
721	0
722	1
723	0
724	0
725	1
726	1
727	1
728	0
729	0
730	0
731	1
732	1
733	1
734	0
735	0
736	1
737	1
738	1
739	0
740	0
741	1
742	1
743	0
744	0
745	1
746	0
747	0
748	0
749	1
750	1
751	0
752	0
753	1
754	1
755	1
756	0
757	1
758	0
759	1
760	0
761	0
762	1
763	0
764	0
765	0
766	0
767	0
768	1
769	0
770	0
771	0
772	0
773	0
774	1
775	1
776	1
777	1
778	1
779	0
780	1
781	1
782	0
783	0
784	1
785	1
786	0
787	0
788	0
789	0
790	1
791	0
792	0
793	0
794	0
795	0
796	1
797	0
798	0
799	0
800	0
801	0
802	0
803	0
804	0
805	0
806	1
807	1
808	0
809	1
810	1
811	0
812	0
813	1
814	0
815	1
816	0
817	0
818	0
819	0
820	0
821	0
822	0
823	1
824	1
825	0
826	1
827	0
828	1
829	1
830	1
831	0
832	0
833	1
834	1
835	1
836	0
837	1
838	1
839	0
840	0
841	0
842	1
843	1
844	0
845	0
846	1
847	1
848	0
849	0
850	1
851	1
852	0
853	0
854	1
855	0
856	0
857	1
858	1
859	0
860	0
861	1
862	0
863	1
864	1
865	0
866	0
867	0
868	1
869	0
870	0
871	0
872	0
873	0
874	0
875	0
876	0
877	1
878	1
879	1
880	0
881	1
882	1
883	0
884	1
885	0
886	1
887	0
888	1
889	1
890	0
891	1
892	0
893	0
894	0
895	0
896	1
897	1
898	0
899	1
900	0
901	1
902	0
903	1
904	1
905	1
906	1
907	1
908	0
909	0
910	0
911	0
912	0
913	0
914	0
915	1
916	1
917	0
918	1
919	0
920	0
921	0
922	1
923	0
924	1
925	1
926	0
927	0
928	1
929	0
930	1
931	0
932	1
933	0
934	0
935	0
936	0
937	0
938	1
939	1
940	0
941	0
942	1
943	1
944	0
945	1
946	0
947	1
948	1
949	0
950	1
951	0
952	1
953	0
954	1
955	1
956	1
957	1
958	1
959	0
960	1
961	1
962	0
963	0
964	0
965	1
966	0
967	0
968	0
969	0
970	1
971	0
972	0
973	0
974	1
975	0
976	1
977	0
978	1
979	0
980	0
981	0
982	0
983	0
984	0
985	0
986	0
987	0
988	1
989	1
990	1
991	0
992	1
993	0
994	0
995	0
996	1
997	1
998	0
999	0
1000	1
1001	1
1002	0
1003	0
1004	1
1005	1
1006	1
1007	0
1008	1
1009	0
1010	0
1011	0
1012	1
1013	1
1014	0
1015	1
1016	0
1017	0
1018	0
1019	0
1020	1
1021	0
1022	1
1023	1
1024	0
1025	0
1026	0
1027	0
1028	0
1029	0
1030	0
1031	0
1032	0
1033	1
1034	0
1035	1
1036	0
1037	1
1038	0
1039	0
1040	0
1041	0
1042	0
1043	0
1044	1
1045	1
1046	0
1047	0
1048	0
1049	1
1050	1
1051	1
1052	1
1053	1
1054	1
1055	1
1056	1
1057	0
1058	0
1059	0
1060	0
1061	0
1062	0
1063	1
1064	1
1065	1
1066	0
1067	1
1068	1
1069	0
1070	1
1071	0
1072	0
1073	0
1074	0
1075	1
1076	1
1077	0
1078	0
1079	1
1080	0
1081	1
1082	1
1083	0
1084	1
1085	0
1086	0
1087	0
1088	1
1089	0
1090	0
1091	1
1092	1
1093	1
1094	0
1095	1
1096	0
1097	1
1098	0
1099	0
1100	1
1101	0
1102	0
1103	1
1104	0
1105	1
1106	0
1107	0
1108	1
1109	1
1110	1
1111	0
1112	0
1113	0
1114	0
1115	0
1116	1
1117	1
1118	1
1119	0
1120	0
1121	1
1122	1
1123	1
1124	1
1125	0
1126	1
1127	0
1128	0
1129	0
1130	1
1131	0
1132	1
1133	1
1134	0
1135	1
1136	1
1137	1
1138	1
1139	0
1140	1
1141	0
1142	0
1143	1
1144	1
1145	1
1146	0
1147	1
1148	0
1149	0
1150	1
1151	1
1152	0
1153	1
1154	0
1155	0
1156	1
1157	0
1158	0
1159	1
1160	0
1161	1
1162	1
1163	1
1164	0
1165	1
1166	0
1167	0
1168	0
1169	0
1170	0
1171	1
1172	1
1173	0
1174	0
1175	0
1176	0
1177	0
1178	1
1179	0
1180	1
1181	0
1182	1
1183	1
1184	1
1185	0
1186	1
1187	1
1188	0
1189	0
1190	1
1191	0
1192	0
1193	0
1194	1
1195	0
1196	0
1197	0
1198	1
1199	0
1200	0
1201	0
1202	1
1203	1
1204	0
1205	0
1206	0
1207	1
1208	1
1209	1
1210	0
1211	0
1212	0
1213	0
1214	1
1215	0
1216	1
1217	0
1218	0
1219	0
1220	1
1221	1
1222	0
1223	1
1224	0
1225	0
1226	1
1227	1
1228	0
1229	1
1230	1
1231	1
1232	0
1233	1
1234	0
1235	0
1236	0
1237	0
1238	1
1239	0
1240	1
1241	0
1242	0
1243	0
1244	1
1245	1
1246	0
1247	0
1248	0
1249	1
1250	0
1251	0
1252	1
1253	0
1254	0
1255	0
1256	1
1257	0
1258	1
1259	1
1260	0
1261	0
1262	1
1263	0
1264	0
1265	1
1266	0
1267	0
1268	1
1269	0
1270	0
1271	0
1272	1
1273	1
1274	0
1275	0
1276	1
1277	1
1278	1
1279	0
1280	0
1281	1
1282	0
1283	1
1284	0
1285	1
1286	0
1287	1
1288	0
1289	0
1290	0
1291	0
1292	1
1293	0
1294	1
1295	0
1296	1
1297	1
1298	1
1299	0
1300	1
1301	0
1302	0
1303	1
1304	0
1305	0
1306	1
1307	0
1308	1
1309	1
1310	0
1311	1
1312	1
1313	1
1314	0
1315	0
1316	0
1317	1
1318	0
1319	0
1320	1
1321	1
1322	1
1323	1
1324	1
1325	0
1326	1
1327	1
1328	1
1329	0
1330	0
1331	0
1332	0
1333	0
1334	0
1335	1
1336	0
1337	1
1338	0
1339	1
1340	1
1341	0
1342	0
1343	0
1344	1
1345	0
1346	1
1347	0
1348	0
1349	1
1350	0
1351	1
1352	1
1353	0
1354	1
1355	0
1356	0
1357	0
1358	0
1359	1
1360	1
1361	1
1362	0
1363	1
1364	0
1365	1
1366	0
1367	0
1368	1
1369	0
1370	1
1371	1
1372	1
1373	1
1374	1
1375	0
1376	1
1377	0
1378	1
1379	0
1380	1
1381	0
1382	0
1383	0
1384	0
1385	0
1386	0
1387	0
1388	1
1389	0
1390	1
1391	0
1392	0
1393	1
1394	0
1395	0
1396	1
1397	0
1398	0
1399	1
1400	0
1401	0
1402	0
1403	0
1404	1
1405	1
1406	0
1407	1
1408	0
1409	1
1410	0
1411	1
1412	1
1413	0
1414	1
1415	0
1416	1
1417	0
1418	0
1419	0
1420	1
1421	0
1422	1
1423	0
1424	0
1425	1
1426	0
1427	0
1428	0
1429	0
1430	1
1431	0
1432	1
1433	1
1434	1
1435	1
1436	1
1437	0
1438	1
1439	0
1440	0
1441	0
1442	1
1443	0
1444	0
1445	0
1446	1
1447	0
1448	0
1449	0
1450	1
1451	1
1452	0
1453	1
1454	1
1455	1
1456	0
1457	0
1458	0
1459	0
1460	0
1461	0
1462	0
1463	0
1464	0
1465	1
1466	0
1467	0
1468	0
1469	0
1470	0
1471	0
1472	0
1473	1
1474	0
1475	0
1476	1
1477	0
1478	0
1479	0
1480	0
1481	0
1482	1
1483	0
1484	0
1485	0
1486	0
1487	0
1488	1
1489	0
1490	1
1491	1
1492	0
1493	1
1494	1
1495	0
1496	1
1497	0
1498	0
1499	0
1500	0
1501	0
1502	0
1503	0
1504	0
1505	0
1506	0
1507	0
1508	1
1509	1
1510	0
1511	1
1512	0
1513	0
1514	0
1515	0
1516	0
1517	0
1518	1
1519	1
1520	0
1521	0
1522	0
1523	0
1524	0
1525	1
1526	0
1527	0
1528	0
1529	0
1530	0
1531	0
1532	1
1533	0
1534	1
1535	0
1536	0
1537	1
1538	0
1539	1
1540	0
1541	1
1542	0
1543	0
1544	0
1545	0
1546	0
1547	0
1548	1
1549	0
1550	1
1551	0
1552	0
1553	0
1554	1
1555	0
1556	1
1557	1
1558	0
1559	0
1560	1
1561	0
1562	0
1563	1
1564	1
1565	1
1566	1
1567	1
1568	0
1569	1
1570	1
1571	0
1572	0
1573	0
1574	1
1575	0
1576	0
1577	0
1578	0
1579	1
1580	0
1581	0
1582	0
1583	1
1584	0
1585	0
1586	0
1587	0
1588	0
1589	0
1590	1
1591	1
1592	1
1593	0
1594	1
1595	1
1596	1
1597	1
1598	1
1599	0
1600	0
1601	0
1602	1
1603	0
1604	0
1605	0
1606	0
1607	0
1608	1
1609	0
1610	0
1611	1
1612	0
1613	1
1614	1
1615	1
1616	1
1617	1
1618	0
1619	1
1620	1
1621	1
1622	0
1623	0
1624	1
1625	0
1626	1
1627	0
1628	0
1629	0
1630	1
1631	0
1632	0
1633	0
1634	1
1635	1
1636	0
1637	1
1638	1
1639	0
1640	0
1641	1
1642	0
1643	1
1644	0
1645	0
1646	1
1647	0
1648	1
1649	0
1650	1
1651	0
1652	0
1653	1
1654	0
1655	0
1656	0
1657	0
1658	1
1659	1
1660	0
1661	0
1662	1
1663	0
1664	0
1665	0
1666	0
1667	1
1668	1
1669	1
1670	1
1671	0
1672	0
1673	1
1674	0
1675	1
1676	1
1677	0
1678	0
1679	1
1680	0
1681	0
1682	1
1683	1
1684	0
1685	1
1686	1
1687	1
1688	0
1689	0
1690	1
1691	1
1692	1
1693	0
1694	0
1695	1
1696	0
1697	0
1698	0
1699	0
1700	0
1701	0
1702	1
1703	0
1704	0
1705	0
1706	0
1707	1
1708	0
1709	1
1710	0
1711	0
1712	0
1713	1
1714	1
1715	1
1716	1
1717	0
1718	0
1719	1
1720	0
1721	0
1722	1
1723	0
1724	0
1725	0
1726	0
1727	1
1728	0
1729	1
1730	0
1731	0
1732	1
1733	1
1734	0
1735	0
1736	0
1737	0
1738	1
1739	0
1740	0
1741	0
1742	1
1743	1
1744	1
1745	1
1746	0
1747	1
1748	1
1749	0
1750	0
1751	0
1752	1
1753	0
1754	0
1755	1
1756	1
1757	0
1758	0
1759	1
1760	0
1761	1
1762	1
1763	1
1764	1
1765	1
1766	0
1767	1
1768	1
1769	0
1770	0
1771	1
1772	0
1773	0
1774	1
1775	0
1776	0
1777	0
1778	1
1779	0
1780	0
1781	1
1782	0
1783	1
1784	1
1785	1
1786	0
1787	0
1788	0
1789	1
1790	0
1791	0
1792	0
1793	0
1794	1
1795	0
