0	0
1	1
2	1
3	1
4	1
5	1
6	1
7	0
8	0
9	0
10	1
11	1
12	0
13	1
14	1
15	1
16	1
17	0
18	1
19	0
20	1
21	0
22	0
23	0
24	0
25	0
26	0
27	0
28	0
29	0
30	0
31	1
32	1
33	0
34	1
35	1
36	1
37	0
38	1
39	0
40	1
41	1
42	0
43	0
44	1
45	1
46	0
47	1
48	1
49	0
50	1
51	1
52	1
53	1
54	1
55	1
56	0
57	1
58	1
59	1
60	1
61	1
62	0
63	0
64	1
65	1
66	1
67	0
68	0
69	0
70	0
71	0
72	0
73	1
74	1
75	1
76	1
77	0
78	1
79	1
80	1
81	0
82	0
83	0
84	0
85	1
86	1
87	0
88	1
89	0
90	0
91	0
92	0
93	1
94	0
95	0
96	0
97	0
98	1
99	1
100	1
101	1
102	1
103	0
104	0
105	0
106	1
107	0
108	1
109	0
110	1
111	1
112	1
113	0
114	1
115	0
116	1
117	0
118	1
119	1
120	1
121	0
122	1
123	0
124	1
125	0
126	0
127	1
128	1
129	0
130	0
131	0
132	1
133	0
134	1
135	0
136	0
137	1
138	1
139	1
140	0
141	0
142	1
143	0
144	0
145	1
146	1
147	1
148	0
149	1
150	1
151	0
152	0
153	1
154	0
155	1
156	1
157	1
158	1
159	1
160	1
161	0
162	1
163	0
164	1
165	1
166	0
167	1
168	0
169	1
170	1
171	1
172	0
173	1
174	1
175	1
176	1
177	1
178	1
179	1
180	1
181	1
182	1
183	1
184	1
185	1
186	1
187	1
188	0
189	1
190	1
191	1
192	1
193	1
194	1
195	1
196	1
197	1
198	0
199	1
200	1
201	0
202	1
203	1
204	0
205	1
206	1
207	1
208	1
209	1
210	1
211	0
212	1
213	1
214	1
215	1
216	1
217	1
218	1
219	1
220	1
221	1
222	1
223	1
224	1
225	1
226	1
227	0
228	1
229	1
230	0
231	1
232	1
233	1
234	1
235	0
236	0
237	0
238	1
239	1
240	1
241	0
242	0
243	1
244	0
245	0
246	1
247	0
248	1
249	0
250	0
251	0
252	1
253	1
254	1
255	0
256	1
257	0
258	1
259	0
260	1
261	1
262	1
263	1
264	1
265	1
266	1
267	0
268	0
269	0
270	1
271	1
272	1
273	1
274	0
275	0
276	1
277	0
278	0
279	1
280	1
281	0
282	0
283	0
284	1
285	0
286	0
287	0
288	0
289	1
290	0
291	1
292	0
293	0
294	0
295	1
296	0
297	0
298	1
299	0
300	1
301	1
302	1
303	1
304	0
305	1
306	1
307	1
308	0
309	0
310	1
311	1
312	0
313	0
314	1
315	1
316	1
317	1
318	1
319	0
320	1
321	1
322	0
323	0
324	1
325	0
326	1
327	1
328	1
329	0
330	0
331	0
332	0
333	1
334	0
335	0
336	0
337	1
338	1
339	1
340	0
341	0
342	0
343	1
344	1
345	1
346	1
347	0
348	0
349	0
350	1
351	1
352	0
353	1
354	1
355	0
356	1
357	0
358	0
359	1
360	0
361	0
362	1
363	0
364	1
365	1
366	1
367	0
368	1
369	1
370	0
371	0
372	0
373	1
374	0
375	0
376	1
377	1
378	0
379	1
380	0
381	1
382	0
383	0
384	1
385	0
386	0
387	0
388	1
389	0
390	1
391	0
392	0
393	0
394	0
395	1
396	1
397	0
398	0
399	0
400	1
401	0
402	0
403	0
404	0
405	1
406	1
407	1
408	0
409	0
410	1
411	0
412	0
413	1
414	1
415	1
416	1
417	0
418	1
419	0
420	0
421	1
422	0
423	1
424	0
425	1
426	0
427	0
428	0
429	1
430	0
431	1
432	0
433	0
434	0
435	0
436	1
437	0
438	1
439	0
440	0
441	1
442	1
443	0
444	1
445	0
446	0
447	0
448	1
449	0
450	1
451	1
452	1
453	1
454	0
455	0
456	1
457	0
458	0
459	0
460	1
461	0
462	0
463	0
464	0
465	0
466	0
467	1
468	1
469	1
470	0
471	0
472	1
473	0
474	1
475	1
476	0
477	1
478	0
479	1
480	1
481	0
482	1
483	0
484	1
485	1
486	0
487	0
488	1
489	0
490	1
491	0
492	1
493	1
494	1
495	0
496	0
497	1
498	0
499	1
500	1
501	0
502	0
503	0
504	0
505	1
506	1
507	1
508	1
509	1
510	0
511	1
512	0
513	0
514	1
515	0
516	0
517	0
518	0
519	0
520	0
521	0
522	0
523	0
524	1
525	0
526	1
527	1
528	1
529	0
530	1
531	0
532	0
533	0
534	0
535	1
536	1
537	1
538	0
539	1
540	1
541	1
542	0
543	0
544	1
545	1
546	1
547	1
548	1
549	1
550	1
551	0
552	1
553	0
554	1
555	0
556	0
557	1
558	0
559	1
560	0
561	1
562	1
563	0
564	1
565	1
566	0
567	1
568	0
569	1
570	1
571	1
572	1
573	1
574	0
575	0
576	1
577	1
578	1
579	1
580	1
581	1
582	1
583	0
584	0
585	1
586	1
587	0
588	1
589	1
590	0
591	0
592	1
593	0
594	1
595	0
596	1
597	0
598	1
599	0
600	1
601	1
602	1
603	1
604	1
605	1
606	1
607	0
608	0
609	1
610	1
611	0
612	0
613	0
614	1
615	0
616	1
617	1
618	1
619	1
620	0
621	1
622	1
623	0
624	0
625	1
626	0
627	0
628	1
629	0
630	0
631	1
632	0
633	1
634	1
635	0
636	1
637	0
638	1
639	1
640	1
641	1
642	1
643	0
644	1
645	1
646	0
647	1
648	1
649	0
650	0
651	0
652	0
653	1
654	0
655	0
656	1
657	1
658	1
659	1
660	0
661	0
662	0
663	1
664	0
665	1
666	1
667	0
668	0
669	0
670	1
671	1
672	0
673	1
674	0
675	1
676	1
677	1
678	1
679	0
680	0
681	1
682	0
683	0
684	0
685	1
686	1
687	0
688	1
689	1
690	0
691	0
692	1
693	1
694	0
695	0
696	0
697	1
698	1
699	1
700	1
701	1
702	0
703	1
704	1
705	1
706	0
707	1
708	1
709	0
710	0
711	0
712	1
713	1
714	0
715	0
716	1
717	0
718	1
719	1
720	1
721	0
722	0
723	1
724	0
725	1
726	0
727	1
728	0
729	1
730	1
731	1
732	0
733	0
734	1
735	1
736	0
737	1
738	1
739	0
740	0
741	0
742	0
743	1
744	1
745	1
746	0
747	1
748	0
749	1
750	0
751	0
752	1
753	1
754	1
755	1
756	1
757	1
758	1
759	1
760	1
761	0
762	0
763	0
764	1
765	1
766	1
767	1
768	0
769	0
770	0
771	1
772	1
773	0
774	1
775	1
776	1
777	1
778	0
779	0
780	1
781	1
782	1
783	0
784	0
785	1
786	0
787	1
788	1
789	1
790	1
791	1
792	0
793	1
794	0
795	1
796	0
797	1
798	1
799	1
800	0
801	0
802	1
803	1
804	0
805	0
806	0
807	1
808	0
809	0
810	0
811	1
812	1
813	0
814	1
815	0
816	0
817	1
818	0
819	0
820	1
821	1
822	1
823	1
824	1
825	0
826	1
827	0
828	1
829	0
830	1
831	1
832	1
833	0
834	1
835	0
836	0
837	1
838	1
839	1
840	0
841	1
842	0
843	1
844	0
845	1
846	1
847	1
848	0
849	1
850	1
851	0
852	0
853	1
854	0
855	1
856	1
857	0
858	1
859	1
860	0
861	1
862	1
863	1
864	1
865	0
866	1
867	0
868	1
869	0
870	0
871	0
872	0
873	0
874	0
875	0
876	1
877	0
878	1
879	1
880	1
881	0
882	0
883	1
884	1
885	0
886	1
887	0
888	0
889	1
890	1
891	0
892	1
893	1
894	0
895	0
896	1
897	0
898	1
899	1
900	1
901	1
902	0
903	0
904	1
905	1
906	0
907	0
908	1
909	1
910	0
911	0
912	0
913	0
914	1
915	0
916	1
917	0
918	0
919	1
920	0
921	1
922	0
923	0
924	0
925	0
926	1
927	0
928	0
929	0
930	1
931	0
932	0
933	1
934	0
935	1
936	0
937	1
938	0
939	0
940	1
941	1
942	0
943	0
944	1
945	1
946	1
947	1
948	1
949	0
950	1
951	0
952	0
953	0
954	1
955	0
956	1
957	0
958	0
959	0
960	1
961	0
962	0
963	0
964	0
965	1
966	1
967	0
968	0
969	1
970	1
971	1
972	0
973	1
974	1
975	1
976	0
977	1
978	1
979	1
980	1
981	0
982	1
983	1
984	1
985	1
986	0
987	0
988	0
989	0
990	0
991	1
992	0
993	1
994	0
995	0
996	0
997	0
998	0
999	1
1000	1
1001	0
1002	0
1003	0
1004	1
1005	1
1006	1
1007	0
1008	1
1009	1
1010	0
1011	1
1012	1
1013	1
1014	0
1015	1
1016	1
1017	1
1018	0
1019	0
1020	0
1021	0
1022	1
1023	0
1024	0
1025	1
1026	0
1027	1
1028	0
1029	1
1030	1
1031	1
1032	0
1033	1
1034	1
1035	1
1036	1
1037	1
1038	0
1039	0
1040	1
1041	0
1042	1
1043	1
1044	1
1045	1
1046	0
1047	0
1048	0
1049	0
1050	1
1051	0
1052	1
1053	0
1054	0
1055	0
1056	0
1057	0
1058	0
1059	0
1060	1
1061	1
1062	0
1063	0
1064	0
1065	0
1066	1
1067	0
1068	1
1069	1
1070	0
1071	1
1072	1
1073	0
1074	1
1075	1
1076	1
1077	0
1078	0
1079	1
1080	0
1081	0
1082	0
1083	1
1084	0
1085	0
1086	1
1087	0
1088	0
1089	1
1090	0
1091	0
1092	1
1093	1
1094	1
1095	1
1096	0
1097	0
1098	1
1099	0
1100	0
1101	0
1102	1
1103	0
1104	1
1105	0
1106	1
1107	0
1108	0
1109	0
1110	0
1111	0
1112	0
1113	1
1114	1
1115	1
1116	0
1117	0
1118	1
1119	0
1120	1
1121	1
1122	1
1123	0
1124	0
1125	1
1126	1
1127	0
1128	1
1129	1
1130	1
1131	1
1132	1
1133	0
1134	0
1135	0
1136	0
1137	1
1138	1
1139	1
1140	0
1141	1
1142	1
1143	0
1144	1
1145	0
1146	0
1147	1
1148	1
1149	1
1150	0
1151	0
1152	0
1153	0
1154	0
1155	0
1156	1
1157	1
1158	0
1159	1
1160	0
1161	0
1162	0
1163	0
1164	0
1165	1
1166	1
1167	1
1168	0
1169	1
1170	0
1171	0
1172	0
1173	0
1174	1
1175	0
1176	0
1177	0
1178	0
1179	0
1180	0
1181	1
1182	1
1183	1
1184	1
1185	0
1186	0
1187	0
1188	0
1189	0
1190	0
1191	1
1192	1
1193	0
1194	1
1195	0
1196	0
1197	0
1198	1
1199	1
1200	1
1201	0
1202	0
1203	0
1204	0
1205	0
1206	0
1207	0
1208	0
1209	0
1210	0
1211	1
1212	1
1213	1
1214	0
1215	0
1216	0
1217	1
1218	0
1219	0
1220	0
1221	1
1222	0
1223	0
1224	0
1225	1
1226	0
1227	0
1228	1
1229	0
1230	0
1231	0
1232	0
1233	0
1234	0
1235	0
1236	1
1237	0
1238	1
1239	0
1240	0
1241	0
1242	0
1243	0
1244	1
1245	1
1246	0
1247	0
1248	0
1249	1
1250	1
1251	1
1252	0
1253	0
1254	0
1255	1
1256	1
1257	1
1258	1
1259	1
1260	1
1261	1
1262	1
1263	0
1264	0
1265	0
1266	0
1267	0
1268	1
1269	0
1270	1
1271	0
1272	0
1273	0
1274	1
1275	1
1276	1
1277	1
1278	0
1279	0
1280	0
1281	0
1282	1
1283	0
1284	1
1285	0
1286	1
1287	0
1288	0
1289	1
1290	1
1291	1
1292	0
1293	1
1294	1
1295	0
1296	1
1297	1
1298	1
1299	1
1300	0
1301	0
1302	1
1303	1
1304	1
1305	1
1306	1
1307	1
1308	0
1309	0
1310	0
1311	1
1312	0
1313	1
1314	1
1315	1
1316	1
1317	0
1318	0
1319	1
1320	0
1321	1
1322	0
1323	0
1324	0
1325	1
1326	0
1327	0
1328	1
1329	1
1330	1
1331	0
1332	0
1333	0
1334	0
1335	0
1336	0
1337	0
1338	1
1339	0
1340	1
1341	0
1342	1
1343	1
1344	1
1345	1
1346	0
1347	1
1348	0
1349	1
1350	0
1351	0
1352	0
1353	1
1354	1
1355	0
1356	1
1357	0
1358	1
1359	0
1360	0
1361	1
1362	0
1363	0
1364	1
1365	0
1366	0
1367	0
1368	1
1369	1
1370	1
1371	1
1372	0
1373	0
1374	1
1375	1
1376	1
1377	0
1378	0
1379	0
1380	1
1381	0
1382	0
1383	0
1384	1
1385	1
1386	1
1387	1
1388	1
1389	0
1390	1
1391	1
1392	1
1393	1
1394	0
1395	1
1396	1
1397	0
1398	0
1399	1
1400	0
1401	0
1402	1
1403	0
1404	0
1405	1
1406	0
1407	1
1408	1
1409	0
1410	1
1411	1
1412	0
1413	0
1414	0
1415	1
1416	0
1417	1
1418	0
1419	0
1420	0
1421	1
1422	0
1423	0
1424	1
1425	0
1426	1
1427	0
1428	0
1429	0
1430	1
1431	0
1432	0
1433	0
1434	0
1435	1
1436	0
1437	0
1438	0
1439	0
1440	0
1441	1
1442	1
1443	1
1444	0
1445	0
1446	0
1447	0
1448	0
1449	1
1450	1
1451	0
1452	1
1453	0
1454	0
1455	0
1456	0
1457	0
1458	1
1459	0
1460	0
1461	0
1462	0
1463	0
1464	0
1465	0
1466	1
1467	1
1468	0
1469	0
1470	0
1471	0
1472	0
1473	0
1474	1
1475	0
1476	1
1477	0
1478	1
1479	0
1480	0
1481	1
1482	0
1483	0
1484	0
1485	1
1486	0
1487	1
1488	0
1489	1
1490	1
1491	1
1492	1
1493	0
1494	0
1495	0
1496	1
1497	1
1498	1
1499	1
1500	0
1501	1
1502	1
1503	1
1504	0
1505	0
1506	0
1507	1
1508	1
1509	0
1510	0
1511	0
1512	1
1513	1
1514	1
1515	0
1516	1
1517	0
1518	1
1519	0
1520	0
1521	0
1522	0
1523	1
1524	0
1525	0
1526	0
1527	1
1528	0
1529	1
1530	0
1531	0
1532	0
1533	0
1534	0
1535	0
1536	1
1537	0
1538	0
1539	0
1540	1
1541	1
1542	0
1543	0
1544	0
1545	1
1546	0
1547	0
1548	1
1549	1
1550	1
1551	1
1552	0
1553	1
1554	1
1555	1
1556	1
1557	0
1558	0
1559	0
1560	1
1561	1
1562	1
1563	0
1564	1
1565	1
1566	1
1567	0
1568	1
1569	1
1570	0
1571	0
1572	1
1573	0
1574	0
1575	0
1576	0
1577	0
1578	1
1579	1
1580	0
1581	0
1582	0
1583	0
1584	0
1585	0
1586	0
1587	0
1588	0
1589	0
1590	0
1591	1
1592	0
1593	1
1594	0
1595	1
1596	1
1597	0
1598	0
1599	1
1600	0
1601	1
1602	0
1603	1
1604	0
1605	1
1606	1
1607	0
1608	0
1609	1
1610	0
1611	0
