0	1
1	1
2	1
3	1
4	1
5	1
6	0
7	1
8	1
9	1
10	1
11	1
12	1
13	1
14	0
15	1
16	0
17	1
18	1
19	1
20	1
21	1
22	1
23	1
24	1
25	1
26	0
27	0
28	1
29	1
30	0
31	1
32	1
33	1
34	1
35	1
36	1
37	0
38	1
39	0
40	0
41	1
42	0
43	1
44	1
45	1
46	1
47	1
48	1
49	1
50	1
51	1
52	1
53	1
54	1
55	1
56	1
57	0
58	1
59	1
60	1
61	0
62	1
63	1
64	1
65	1
66	1
67	1
68	1
69	1
70	0
71	1
72	0
73	1
74	1
75	0
76	1
77	1
78	1
79	1
80	1
81	0
82	1
83	1
84	0
85	1
86	0
87	0
88	0
89	1
90	1
91	0
92	1
93	0
94	0
95	0
96	0
97	1
98	1
99	1
100	1
101	0
102	1
103	1
104	1
105	0
106	1
107	0
108	1
109	1
110	0
111	1
112	0
113	1
114	1
115	1
116	1
117	1
118	1
119	1
120	1
121	1
122	0
123	1
124	1
125	1
126	0
127	0
128	1
129	1
130	1
131	0
132	1
133	1
134	1
135	0
136	1
137	1
138	0
139	1
140	0
141	0
142	1
143	1
144	1
145	0
146	0
147	1
148	0
149	1
150	1
151	1
152	0
153	1
154	1
155	1
156	1
157	1
158	1
159	0
160	1
161	1
162	1
163	1
164	1
165	1
166	1
167	1
168	0
169	1
170	0
171	1
172	1
173	1
174	1
175	1
176	0
177	1
178	1
179	1
180	1
181	1
182	0
183	1
184	1
185	1
186	1
187	1
188	1
189	0
190	1
191	1
192	1
193	1
194	1
195	0
196	1
197	1
198	0
199	1
200	1
201	0
202	1
203	1
204	1
205	1
206	1
207	1
208	0
209	1
210	1
211	0
212	1
213	0
214	1
215	1
216	1
217	1
218	1
219	1
220	1
221	1
222	1
223	0
224	1
225	1
226	1
227	1
228	0
229	0
230	1
231	0
232	1
233	1
234	0
235	0
236	0
237	1
238	1
239	0
240	1
241	0
242	1
243	1
244	0
245	1
246	1
247	0
248	1
249	1
250	0
251	0
252	1
253	1
254	0
255	0
256	1
257	1
258	1
259	0
260	1
261	1
262	1
263	1
264	0
265	0
266	0
267	1
268	1
269	1
270	1
271	1
272	0
273	1
274	0
275	0
276	1
277	1
278	1
279	1
280	0
281	0
282	0
283	0
284	1
285	0
286	1
287	1
288	0
289	1
290	1
291	1
292	1
293	1
294	1
295	1
296	1
297	1
298	1
299	1
300	1
301	0
302	1
303	0
304	1
305	0
306	1
307	1
308	1
309	0
310	1
311	0
312	1
313	0
314	1
315	1
316	1
317	1
318	1
319	1
320	1
321	1
322	0
323	1
324	1
325	1
326	1
327	1
328	1
329	1
330	1
331	1
332	1
333	0
334	1
335	0
336	1
337	1
338	1
339	1
340	0
341	1
342	1
343	1
344	1
345	1
346	0
347	1
348	1
349	1
350	1
351	0
352	1
353	1
354	0
355	1
356	0
357	1
358	1
359	0
360	1
361	0
362	1
363	1
364	0
365	1
366	1
367	1
368	0
369	1
370	1
371	1
372	1
373	1
374	1
375	1
376	1
377	1
378	1
379	1
380	1
381	1
382	1
383	1
384	1
385	1
386	1
387	1
388	1
389	1
390	1
391	1
392	1
393	1
394	1
395	1
396	1
397	0
398	1
399	1
400	1
401	1
402	1
403	1
404	1
405	1
406	0
407	0
408	1
409	0
410	1
411	1
412	1
413	1
414	0
415	1
416	1
417	1
418	1
419	0
420	1
421	1
422	1
423	1
424	1
425	1
426	1
427	1
428	0
429	1
430	1
431	1
432	1
433	1
434	1
435	1
436	1
437	0
438	1
439	1
440	1
441	0
442	0
443	1
444	0
445	0
446	0
447	1
448	1
449	1
450	1
451	1
452	1
453	1
454	1
455	1
456	1
457	1
458	1
459	1
460	1
461	1
462	1
463	1
464	1
465	1
466	1
467	1
468	0
469	1
470	1
471	1
472	1
473	0
474	1
475	0
476	0
477	1
478	0
479	1
480	0
481	0
482	1
483	1
484	1
485	0
486	1
487	1
488	1
489	1
490	1
491	0
492	1
493	1
494	1
495	1
496	0
497	1
498	1
499	0
500	1
501	1
502	1
503	1
504	1
505	1
506	1
507	1
508	0
509	1
510	0
511	1
512	1
513	1
514	1
515	1
516	1
517	0
518	1
519	0
520	1
521	1
522	1
523	1
524	0
525	0
526	1
527	0
528	0
529	1
530	1
531	1
532	0
533	1
534	1
535	1
536	0
537	1
538	1
539	0
540	1
541	0
542	0
543	0
544	1
545	0
546	0
547	1
548	1
549	1
550	1
551	1
552	1
553	1
554	0
555	0
556	0
557	1
558	1
559	0
560	1
561	1
562	1
563	0
564	1
565	1
566	1
567	0
568	1
569	0
570	1
571	0
572	0
573	1
574	1
575	0
576	1
577	1
578	1
579	1
580	0
581	1
582	1
583	1
584	1
585	0
586	1
587	1
588	1
589	1
590	0
591	1
592	0
593	1
594	0
595	1
596	0
597	1
598	1
599	0
600	1
601	0
602	0
603	1
604	1
605	1
606	1
607	1
608	1
609	1
610	1
611	0
612	1
613	0
614	1
615	1
616	1
617	0
618	1
619	1
620	0
621	0
622	1
623	1
624	1
625	1
626	1
627	1
628	1
629	1
630	1
631	1
632	1
633	1
634	1
635	1
636	0
637	1
638	0
639	1
640	1
641	1
642	1
643	1
644	1
645	1
646	1
647	0
648	1
649	1
650	1
651	0
652	1
653	1
654	0
655	1
656	0
657	1
658	0
659	0
660	1
661	1
662	0
663	1
664	0
665	1
666	1
667	1
668	1
669	1
670	1
671	1
672	1
673	0
674	1
675	1
676	0
677	1
678	0
679	1
680	0
681	0
682	1
683	1
684	1
685	1
686	1
687	0
688	1
689	1
690	1
691	1
692	1
693	0
694	1
695	1
696	1
697	0
698	1
699	1
700	1
701	1
702	0
703	1
704	1
705	1
706	1
707	1
708	1
709	1
710	1
711	1
712	0
713	0
714	1
715	0
716	1
717	1
718	1
719	0
720	0
721	0
722	1
723	0
724	1
725	1
726	0
727	0
728	1
729	0
730	1
731	1
732	1
733	1
734	1
735	1
736	1
737	1
738	0
739	1
740	1
741	0
742	1
743	1
744	1
745	1
746	0
747	0
748	1
749	1
750	1
751	1
752	1
753	0
754	1
755	0
756	1
757	0
758	1
759	1
760	1
761	1
762	0
763	0
764	1
765	1
766	1
767	0
768	0
769	0
770	1
771	1
772	1
773	1
774	0
775	1
776	1
777	1
778	0
779	1
780	1
781	0
782	1
783	0
784	1
785	1
786	1
787	1
788	1
789	1
790	1
791	1
792	1
793	1
794	1
795	1
796	1
797	1
798	1
799	1
800	1
801	1
802	0
803	1
804	1
805	1
806	1
807	1
808	1
809	1
810	1
811	1
812	1
813	1
814	0
815	1
816	1
817	0
818	0
819	1
820	1
821	1
822	1
823	0
824	0
825	1
826	1
827	1
828	1
829	0
830	1
831	1
832	1
833	0
834	1
835	1
836	1
837	0
838	1
839	1
840	1
841	1
842	1
843	1
844	1
845	1
846	1
847	1
848	0
849	1
850	0
851	1
852	0
853	1
854	1
855	1
856	1
857	1
858	1
859	1
860	0
861	1
862	1
863	0
864	1
865	1
866	1
867	1
868	1
869	1
870	0
871	1
872	1
873	1
874	1
875	1
876	1
877	1
878	1
879	1
880	1
881	1
882	1
883	1
884	1
885	1
886	1
887	1
888	1
889	1
890	1
891	1
892	0
893	1
894	1
895	1
896	0
897	1
898	1
899	0
900	0
901	1
902	0
903	1
904	1
905	1
906	0
907	0
908	1
909	0
910	1
911	1
912	0
913	0
914	0
915	0
916	1
917	0
918	0
919	1
920	1
921	1
922	1
923	0
924	0
925	1
926	1
927	1
928	1
929	1
930	0
931	1
932	1
933	0
934	1
935	1
936	1
937	0
938	0
939	1
940	1
941	1
942	1
943	0
944	0
945	1
946	0
947	0
948	1
949	1
950	1
951	0
952	0
953	1
954	1
955	1
956	1
957	1
958	0
959	1
960	1
961	1
962	0
963	1
964	1
965	0
966	0
967	1
968	1
969	1
970	1
971	0
972	1
973	0
974	1
975	1
976	0
977	1
978	1
979	0
980	1
981	1
982	0
983	1
984	0
985	1
986	1
987	0
988	1
989	1
990	1
991	0
992	1
993	0
994	1
995	1
996	1
997	1
998	1
999	1
1000	1
1001	1
1002	0
1003	1
1004	1
1005	1
1006	0
1007	1
1008	1
1009	1
1010	1
1011	1
1012	1
1013	0
1014	1
1015	1
1016	1
1017	0
1018	1
1019	1
1020	0
1021	1
1022	1
1023	0
1024	0
1025	1
1026	1
1027	1
1028	0
1029	1
1030	1
1031	1
1032	0
1033	1
1034	1
1035	1
1036	1
1037	0
1038	1
1039	0
1040	1
1041	1
1042	1
1043	0
1044	0
1045	0
1046	1
1047	1
1048	1
1049	0
1050	1
1051	0
1052	1
1053	1
1054	0
1055	1
1056	1
1057	1
1058	1
1059	1
1060	1
1061	0
1062	1
1063	1
1064	1
1065	0
1066	1
1067	1
1068	1
1069	1
1070	1
1071	1
1072	0
1073	1
1074	0
1075	1
1076	1
1077	1
1078	1
1079	1
1080	1
1081	1
1082	1
1083	1
1084	1
1085	1
1086	0
1087	0
1088	0
1089	1
1090	0
1091	1
1092	0
1093	1
1094	1
1095	0
1096	0
1097	1
1098	1
1099	1
1100	1
1101	1
1102	1
1103	1
1104	1
1105	1
1106	1
1107	1
1108	1
1109	0
1110	1
1111	0
1112	1
1113	1
1114	0
1115	0
1116	1
1117	0
1118	0
1119	1
1120	1
1121	0
1122	1
1123	0
1124	0
1125	1
1126	1
1127	1
1128	0
1129	1
1130	0
1131	0
1132	1
1133	0
1134	0
1135	1
1136	0
1137	0
1138	0
1139	1
1140	0
1141	1
1142	0
1143	1
1144	0
1145	0
1146	0
1147	0
1148	1
1149	1
1150	1
1151	0
1152	0
1153	0
1154	0
1155	1
1156	1
1157	1
1158	1
1159	1
1160	0
1161	1
1162	1
1163	0
1164	1
1165	1
1166	1
1167	0
1168	0
1169	1
1170	1
1171	0
1172	1
1173	1
1174	1
1175	0
1176	0
1177	0
1178	1
1179	0
1180	1
1181	1
1182	1
1183	0
1184	1
1185	0
1186	1
1187	1
1188	1
1189	0
1190	1
1191	0
1192	1
1193	0
1194	1
1195	0
1196	0
1197	1
1198	1
1199	1
1200	1
1201	1
1202	1
1203	1
1204	1
1205	1
1206	0
1207	0
1208	0
1209	0
1210	1
1211	0
1212	0
1213	1
1214	1
1215	0
1216	1
1217	1
1218	0
1219	0
1220	1
1221	1
1222	1
1223	1
1224	1
1225	0
1226	1
1227	1
1228	0
1229	1
1230	0
1231	1
1232	1
1233	0
1234	1
1235	1
1236	0
1237	1
1238	1
1239	1
1240	0
1241	0
1242	0
1243	0
1244	1
1245	1
1246	0
1247	1
1248	0
1249	1
1250	1
1251	1
1252	1
1253	1
1254	1
1255	1
1256	0
1257	0
1258	1
1259	1
1260	1
1261	0
1262	1
1263	1
1264	0
1265	1
1266	1
1267	1
1268	1
1269	1
1270	1
1271	1
1272	1
1273	0
1274	0
1275	1
1276	0
1277	1
1278	1
1279	0
1280	1
1281	1
1282	0
1283	1
1284	0
1285	1
1286	1
1287	0
1288	1
1289	1
1290	0
1291	0
1292	1
1293	0
1294	1
1295	0
1296	1
1297	1
1298	1
1299	1
1300	1
1301	0
1302	0
1303	1
1304	1
1305	0
1306	1
1307	1
1308	0
1309	1
1310	1
1311	0
1312	0
1313	1
1314	1
1315	1
1316	1
1317	1
1318	0
1319	0
1320	0
1321	1
1322	1
1323	0
1324	0
1325	1
1326	1
1327	1
1328	0
1329	1
1330	1
1331	0
1332	0
1333	1
1334	1
1335	1
1336	1
1337	0
1338	0
1339	0
1340	1
1341	1
1342	0
1343	0
1344	1
1345	1
1346	0
1347	0
1348	0
1349	1
1350	1
1351	1
1352	1
1353	0
1354	1
1355	1
1356	1
1357	1
1358	1
1359	1
1360	1
1361	0
1362	1
1363	1
1364	0
1365	1
1366	1
1367	0
1368	1
1369	1
1370	1
1371	0
1372	0
1373	1
1374	1
1375	1
1376	1
1377	1
1378	0
1379	1
1380	1
1381	1
1382	1
1383	0
1384	1
1385	1
1386	0
1387	1
1388	1
1389	1
1390	0
1391	0
1392	0
1393	0
1394	1
1395	1
1396	1
1397	1
1398	1
1399	1
1400	0
1401	1
1402	0
1403	1
1404	1
1405	0
1406	1
1407	1
1408	0
1409	0
1410	1
1411	1
1412	1
1413	0
1414	1
1415	1
1416	1
1417	1
1418	0
1419	1
1420	1
1421	0
1422	1
1423	0
1424	1
1425	1
1426	1
1427	1
1428	1
1429	0
1430	1
1431	0
1432	1
1433	1
1434	1
1435	0
1436	1
1437	0
1438	0
1439	1
1440	1
1441	1
1442	0
1443	1
1444	1
1445	0
1446	1
1447	1
1448	1
1449	1
1450	1
1451	1
1452	0
1453	1
1454	1
1455	0
1456	1
1457	0
1458	0
1459	1
1460	1
1461	1
1462	1
1463	1
1464	0
1465	1
1466	1
1467	1
1468	1
1469	1
1470	0
1471	1
1472	0
1473	1
1474	1
1475	0
1476	1
1477	0
1478	1
1479	1
1480	1
1481	1
1482	1
1483	0
1484	0
1485	1
1486	0
1487	0
1488	0
1489	0
1490	0
1491	0
1492	0
1493	1
1494	0
1495	0
1496	1
1497	1
1498	1
1499	0
1500	1
1501	1
1502	1
1503	1
1504	0
1505	1
1506	1
1507	1
1508	1
1509	1
1510	1
1511	1
1512	0
1513	1
1514	1
1515	1
1516	1
1517	1
1518	1
1519	1
1520	1
1521	1
1522	1
1523	1
1524	1
1525	1
1526	1
1527	1
1528	0
1529	0
1530	1
1531	1
1532	0
1533	1
1534	1
1535	1
1536	1
1537	1
1538	1
1539	1
1540	0
1541	1
1542	0
1543	1
1544	1
1545	0
1546	0
1547	1
1548	1
1549	1
1550	1
1551	0
1552	1
1553	0
1554	1
1555	1
1556	1
1557	1
1558	0
1559	1
1560	1
1561	0
1562	0
1563	0
1564	1
1565	1
1566	1
1567	0
1568	1
1569	1
1570	1
1571	1
1572	1
1573	1
1574	1
1575	1
1576	1
1577	1
1578	0
1579	1
1580	1
1581	1
1582	1
1583	1
1584	1
1585	1
1586	1
1587	0
1588	0
1589	0
1590	1
1591	1
1592	1
1593	1
1594	1
1595	0
1596	1
1597	1
1598	1
1599	0
1600	1
1601	1
1602	1
1603	0
1604	1
1605	1
1606	0
1607	0
1608	1
1609	1
1610	1
1611	1
1612	1
1613	1
1614	1
1615	1
1616	1
1617	1
1618	1
1619	1
1620	1
1621	1
1622	1
1623	1
1624	1
1625	0
1626	1
1627	1
1628	1
1629	1
1630	1
1631	1
1632	1
1633	1
1634	0
1635	1
1636	0
1637	0
1638	1
1639	1
1640	0
1641	1
1642	0
1643	0
1644	0
1645	0
1646	1
1647	1
1648	0
1649	0
1650	1
1651	0
1652	1
1653	1
1654	1
1655	1
1656	1
1657	1
1658	0
1659	1
1660	1
1661	1
1662	0
1663	1
1664	1
1665	1
1666	1
1667	1
1668	1
1669	1
1670	1
1671	0
1672	0
1673	1
1674	1
1675	1
1676	0
1677	1
1678	1
1679	1
1680	1
1681	0
1682	1
1683	1
1684	1
1685	1
1686	1
1687	1
1688	1
1689	1
1690	1
1691	1
1692	1
1693	1
1694	1
1695	1
1696	0
1697	0
1698	1
1699	1
1700	1
1701	1
1702	1
1703	0
1704	1
1705	1
1706	1
1707	0
1708	0
1709	0
1710	1
1711	0
1712	1
1713	1
1714	1
1715	0
1716	1
1717	0
1718	1
1719	1
1720	1
1721	1
1722	1
1723	1
1724	1
1725	0
1726	1
1727	1
1728	1
1729	1
1730	1
1731	1
1732	1
1733	1
1734	1
1735	0
1736	1
1737	1
1738	1
1739	0
1740	1
1741	0
1742	1
1743	0
1744	0
1745	1
1746	0
1747	1
1748	0
1749	1
1750	1
1751	1
1752	1
1753	1
1754	1
1755	1
1756	1
1757	1
1758	1
1759	1
1760	1
1761	0
1762	1
1763	1
1764	0
1765	0
1766	0
1767	1
1768	1
1769	1
1770	1
1771	0
1772	0
1773	0
1774	1
1775	1
1776	1
1777	1
1778	1
1779	1
1780	1
1781	1
1782	1
1783	1
1784	1
1785	1
1786	1
1787	1
1788	1
1789	1
1790	1
1791	1
1792	0
1793	1
1794	1
1795	0
1796	1
1797	1
1798	1
1799	1
1800	1
1801	0
1802	1
1803	1
1804	1
1805	1
1806	1
1807	1
1808	1
1809	0
1810	1
1811	0
1812	1
1813	1
1814	0
1815	1
1816	0
1817	0
1818	1
1819	0
1820	1
1821	1
1822	0
1823	0
1824	1
1825	1
1826	1
1827	1
1828	1
1829	0
1830	1
1831	1
1832	1
1833	0
1834	1
1835	0
1836	0
1837	0
1838	0
1839	0
1840	1
1841	1
1842	0
1843	0
1844	1
1845	1
1846	1
1847	0
1848	1
1849	1
1850	1
1851	1
1852	0
1853	1
1854	1
1855	0
1856	1
1857	0
1858	1
1859	1
1860	1
1861	1
1862	1
1863	1
1864	0
1865	0
1866	1
1867	0
1868	0
1869	1
1870	1
1871	1
1872	1
1873	1
1874	0
1875	0
1876	1
1877	1
1878	0
1879	1
1880	1
1881	1
1882	1
1883	1
1884	1
1885	0
1886	1
1887	1
1888	1
1889	0
1890	1
1891	1
1892	1
1893	1
1894	1
1895	1
1896	1
1897	1
1898	1
1899	1
1900	1
1901	0
1902	1
1903	1
1904	0
1905	0
1906	1
1907	0
1908	1
1909	1
1910	0
1911	1
1912	1
1913	1
1914	1
1915	1
1916	0
1917	0
1918	0
1919	1
1920	1
1921	1
1922	0
1923	0
1924	1
1925	1
1926	1
1927	1
1928	0
1929	1
1930	1
1931	1
1932	1
1933	0
1934	1
1935	1
1936	1
1937	1
1938	1
1939	0
1940	1
1941	0
1942	0
1943	1
1944	0
1945	0
1946	1
1947	0
1948	0
1949	1
1950	1
1951	0
1952	0
1953	0
1954	1
1955	1
1956	1
1957	0
1958	1
1959	0
1960	1
1961	1
1962	1
1963	1
1964	1
1965	1
1966	1
1967	1
1968	0
1969	0
1970	1
1971	0
1972	1
1973	0
1974	1
1975	1
1976	1
1977	1
1978	1
1979	0
1980	1
1981	0
1982	1
1983	1
1984	0
1985	0
1986	1
1987	1
1988	1
1989	1
1990	0
1991	1
1992	1
1993	1
1994	0
1995	1
1996	1
1997	1
1998	1
1999	1
2000	1
2001	1
2002	1
2003	1
2004	1
2005	1
2006	1
2007	1
2008	1
2009	1
2010	1
2011	1
2012	1
2013	1
2014	0
2015	1
2016	0
2017	1
2018	0
2019	1
2020	0
2021	1
2022	0
2023	1
2024	1
2025	1
2026	1
2027	0
2028	1
2029	1
2030	1
2031	1
2032	0
2033	1
2034	1
2035	0
2036	1
2037	1
2038	1
2039	0
2040	1
2041	1
2042	0
2043	0
2044	1
2045	0
2046	0
2047	1
2048	1
2049	1
2050	1
2051	1
2052	1
2053	1
2054	1
2055	0
2056	1
2057	1
2058	1
2059	0
2060	1
2061	1
2062	0
2063	1
2064	1
2065	1
2066	1
2067	1
2068	1
2069	1
2070	1
2071	1
2072	1
2073	1
2074	1
2075	1
2076	1
2077	1
2078	1
2079	0
2080	1
2081	1
2082	1
2083	1
2084	0
2085	1
2086	1
2087	1
2088	1
2089	1
2090	1
2091	1
2092	1
2093	1
2094	1
2095	1
2096	1
2097	1
2098	1
2099	1
2100	1
2101	1
2102	1
2103	1
2104	1
2105	1
2106	1
2107	1
2108	1
2109	1
2110	1
2111	1
2112	1
2113	1
2114	1
2115	1
2116	1
2117	1
2118	1
2119	1
2120	1
2121	1
2122	1
2123	1
2124	1
2125	1
2126	0
2127	0
2128	1
2129	0
2130	0
2131	1
2132	1
2133	0
2134	0
2135	1
2136	1
2137	1
2138	0
2139	0
2140	0
2141	0
2142	0
2143	1
2144	0
2145	0
2146	1
2147	1
2148	1
2149	0
2150	0
2151	0
2152	0
2153	0
2154	1
2155	1
2156	0
2157	1
2158	1
2159	1
2160	0
2161	0
2162	1
2163	1
2164	1
2165	1
2166	0
2167	1
2168	1
2169	1
2170	0
2171	1
2172	1
2173	0
2174	1
2175	0
2176	0
2177	1
2178	1
2179	1
2180	1
2181	1
2182	1
2183	0
2184	1
2185	1
2186	0
2187	1
2188	0
2189	1
2190	1
2191	1
2192	1
2193	1
2194	1
2195	1
2196	1
2197	1
2198	0
2199	1
2200	1
2201	0
2202	1
2203	1
2204	1
2205	1
2206	1
2207	0
2208	0
2209	1
2210	0
2211	1
2212	1
2213	1
2214	1
2215	1
2216	0
2217	1
2218	1
2219	1
2220	1
2221	1
2222	1
2223	0
2224	0
2225	0
2226	0
2227	1
2228	1
2229	0
2230	0
2231	1
2232	0
2233	1
2234	0
2235	1
2236	1
2237	1
2238	1
2239	0
2240	1
2241	1
2242	1
2243	1
2244	0
2245	1
2246	1
2247	1
2248	0
2249	0
2250	1
2251	1
2252	0
2253	1
2254	0
2255	1
2256	0
2257	1
2258	1
2259	1
2260	1
2261	0
2262	0
2263	1
2264	1
2265	1
2266	1
2267	1
2268	0
2269	1
2270	1
2271	1
2272	1
2273	1
2274	1
2275	1
2276	1
2277	1
2278	1
2279	1
2280	1
2281	1
2282	0
2283	0
2284	1
2285	0
2286	1
2287	1
2288	1
2289	1
2290	1
2291	0
2292	1
2293	1
2294	1
2295	0
2296	0
2297	1
2298	1
2299	0
2300	1
2301	0
2302	0
2303	1
2304	0
2305	1
2306	1
2307	0
2308	1
2309	1
2310	1
2311	1
2312	0
2313	0
2314	0
2315	0
2316	0
2317	1
2318	1
2319	1
2320	1
2321	1
2322	1
2323	0
2324	0
2325	1
2326	1
2327	0
2328	0
2329	1
2330	1
2331	1
2332	1
2333	1
2334	0
2335	1
2336	0
2337	0
2338	0
2339	1
2340	0
2341	1
2342	1
2343	0
2344	0
2345	1
2346	1
2347	0
2348	0
2349	1
2350	0
2351	1
2352	1
2353	1
2354	1
2355	1
2356	1
2357	1
2358	0
2359	1
2360	1
2361	1
2362	0
2363	0
2364	1
2365	1
2366	0
2367	1
2368	0
2369	1
2370	1
2371	1
2372	1
2373	0
2374	0
2375	1
2376	1
2377	1
2378	1
2379	1
2380	0
2381	1
2382	1
2383	1
2384	1
2385	1
2386	0
2387	1
2388	0
2389	1
2390	1
2391	1
2392	1
2393	1
2394	1
2395	1
2396	1
2397	0
2398	0
2399	1
2400	0
2401	1
2402	1
2403	1
2404	1
2405	0
2406	1
2407	1
2408	0
2409	1
2410	1
2411	1
2412	1
2413	1
2414	0
2415	1
2416	1
2417	0
2418	0
2419	1
2420	0
2421	1
2422	1
2423	1
2424	0
2425	1
2426	1
2427	1
2428	1
2429	1
2430	1
2431	1
2432	1
2433	0
2434	1
2435	1
2436	1
2437	1
2438	0
2439	1
2440	1
2441	1
2442	1
2443	0
2444	1
2445	1
2446	1
2447	1
2448	0
2449	0
2450	0
2451	1
2452	0
2453	1
2454	1
2455	1
2456	1
2457	1
2458	1
2459	1
2460	1
2461	1
2462	1
2463	0
2464	1
2465	1
2466	1
2467	1
2468	1
2469	1
2470	0
2471	1
2472	1
2473	1
2474	0
2475	0
2476	1
2477	0
2478	1
2479	1
