-1.163132548332214355e+00 1.325866818428039551e+00
-1.361104369163513184e+00 1.471593499183654785e+00
-1.587876439094543457e+00 1.467123508453369141e+00
1.138181090354919434e+00 -4.289369285106658936e-01
1.070167422294616699e+00 -1.362073302268981934e+00
-1.776789546012878418e+00 1.594130158424377441e+00
1.575252532958984375e+00 -9.104213118553161621e-01
-5.654702186584472656e-01 6.695139408111572266e-01
1.536406755447387695e+00 -1.418950915336608887e+00
-1.711715221405029297e+00 2.223211526870727539e+00
7.094653844833374023e-01 -6.137245297431945801e-01
-9.088152050971984863e-01 1.016801953315734863e+00
-8.528609275817871094e-01 9.437186121940612793e-01
6.755022406578063965e-01 -4.873868525028228760e-01
2.901363074779510498e-01 -3.828046023845672607e-01
1.153358578681945801e+00 -6.417452692985534668e-01
1.507264494895935059e+00 -8.998621702194213867e-01
-1.536097288131713867e+00 1.518339753150939941e+00
-7.940423488616943359e-01 8.821442127227783203e-01
1.102322578430175781e+00 -1.085741519927978516e+00
-5.080044269561767578e-01 6.334967613220214844e-01
-1.679218888282775879e+00 1.596349120140075684e+00
1.724554777145385742e+00 -1.034198999404907227e+00
-1.009490251541137695e+00 1.006304025650024414e+00
-1.511014103889465332e+00 1.588034868240356445e+00
-3.613589704036712646e-01 4.681774377822875977e-01
4.440688788890838623e-01 -1.782965362071990967e-01
-1.732915043830871582e+00 2.219990730285644531e+00
-4.603161513805389404e-01 3.672766983509063721e-01
-1.302563786506652832e+00 1.192435622215270996e+00
7.887328863143920898e-01 -6.515297889709472656e-01
-5.880721807479858398e-01 8.306572437286376953e-01
1.349785804748535156e+00 -6.094133853912353516e-01
-5.703675746917724609e-01 1.002884149551391602e+00
-1.793931365013122559e+00 1.972492337226867676e+00
4.476585686206817627e-01 -4.974217116832733154e-01
-4.997299611568450928e-01 6.779838204383850098e-01
-6.450935006141662598e-01 9.843034148216247559e-01
-1.177359819412231445e+00 1.193377614021301270e+00
5.476050972938537598e-01 -2.898342013359069824e-01
-6.739771366119384766e-01 6.881380081176757812e-01
1.509010553359985352e+00 -1.553280472755432129e+00
7.712082862854003906e-01 -9.413789510726928711e-01
-1.656541466712951660e+00 1.971040606498718262e+00
9.108484983444213867e-01 -6.318086385726928711e-01
1.724082946777343750e+00 -9.046672582626342773e-01
1.075070023536682129e+00 -1.406208157539367676e+00
-8.464301824569702148e-01 1.097111344337463379e+00
9.742265939712524414e-01 -6.306884884834289551e-01
-9.882442951202392578e-01 8.708440065383911133e-01
1.378638386726379395e+00 -1.556517958641052246e+00
9.306060075759887695e-01 -7.984821200370788574e-01
1.322681784629821777e+00 -1.612083554267883301e+00
1.044584155082702637e+00 -1.162913918495178223e+00
1.532640337944030762e+00 -1.597404479980468750e+00
8.421964049339294434e-01 -4.899655282497406006e-01
1.405088663101196289e+00 -6.254106163978576660e-01
-7.432199716567993164e-01 9.005637764930725098e-01
1.681095719337463379e+00 -1.279332160949707031e+00
8.788815140724182129e-01 -8.033761382102966309e-01
1.664135694503784180e+00 -1.286059617996215820e+00
1.582564711570739746e+00 -1.439470529556274414e+00
1.700507164001464844e+00 -1.469657540321350098e+00
4.567281901836395264e-01 -4.417293369770050049e-01
9.877248406410217285e-01 -7.938444614410400391e-01
1.331119298934936523e+00 -1.435751795768737793e+00
1.614452600479125977e+00 -1.707587122917175293e+00
1.243117213249206543e+00 -1.217659473419189453e+00
1.675414204597473145e+00 -1.290164470672607422e+00
1.772945761680603027e+00 -9.904330968856811523e-01
1.537793159484863281e+00 -1.545203804969787598e+00
1.585825920104980469e+00 -1.136690497398376465e+00
1.566704392433166504e+00 -1.122394680976867676e+00
1.508565425872802734e+00 -1.360180497169494629e+00
1.625559568405151367e+00 -1.369281411170959473e+00
1.276457190513610840e+00 -1.283020615577697754e+00
4.175660610198974609e-01 -1.981126368045806885e-01
1.441780328750610352e+00 -8.545742630958557129e-01
1.577684283256530762e+00 -1.050361514091491699e+00
-2.147435843944549561e-01 5.382657051086425781e-01
1.682608008384704590e+00 -1.507010579109191895e+00
1.197073221206665039e+00 -9.855233430862426758e-01
1.606269955635070801e+00 -1.673259139060974121e+00
1.437195181846618652e+00 -1.097991347312927246e+00
1.503672480583190918e+00 -1.275679469108581543e+00
1.633372187614440918e+00 -1.371986985206604004e+00
1.104331374168395996e+00 -8.799675703048706055e-01
1.507952213287353516e+00 -1.123976945877075195e+00
1.650955796241760254e+00 -1.118455290794372559e+00
1.562841057777404785e+00 -8.736728429794311523e-01
1.424574971199035645e+00 -7.062436342239379883e-01
1.748060107231140137e+00 -1.420086503028869629e+00
1.479632735252380371e+00 -1.611412405967712402e+00
1.473086953163146973e+00 -1.545180201530456543e+00
1.622734189033508301e+00 -1.389746546745300293e+00
1.643300652503967285e+00 -1.101646184921264648e+00
1.512544035911560059e+00 -1.123673439025878906e+00
1.071902632713317871e+00 -8.974105715751647949e-01
1.609324336051940918e+00 -6.403214335441589355e-01
1.636557459831237793e+00 -1.289857268333435059e+00
