-2.572595596313476562e+00 3.370387077331542969e+00
-2.608867406845092773e+00 3.396225214004516602e+00
-2.637325286865234375e+00 3.366812467575073242e+00
-2.568156957626342773e+00 2.943669795989990234e+00
1.524241805076599121e+00 -1.262652277946472168e+00
-2.622029781341552734e+00 3.337111949920654297e+00
1.496296763420104980e+00 -1.203093409538269043e+00
-2.610320806503295898e+00 3.304777622222900391e+00
1.517791628837585449e+00 -1.247337460517883301e+00
-2.588399171829223633e+00 3.403043746948242188e+00
-2.606727600097656250e+00 3.405058145523071289e+00
-2.633579254150390625e+00 3.332569122314453125e+00
-2.653038501739501953e+00 3.019917488098144531e+00
-1.140840172767639160e+00 1.161094546318054199e+00
-2.599390745162963867e+00 2.875094890594482422e+00
-2.631039381027221680e+00 3.103174924850463867e+00
-2.840220928192138672e-01 4.119967520236968994e-01
-2.574717044830322266e+00 3.358076095581054688e+00
-1.027682900428771973e+00 1.065266013145446777e+00
1.503295302391052246e+00 -1.211719751358032227e+00
-2.664497852325439453e+00 3.181958675384521484e+00
-2.600123167037963867e+00 3.345092535018920898e+00
1.494836330413818359e+00 -1.197927355766296387e+00
-1.903540611267089844e+00 2.025887250900268555e+00
-2.639528274536132812e+00 3.387414216995239258e+00
-1.516649127006530762e+00 1.597009301185607910e+00
-1.008161067962646484e+00 1.119004130363464355e+00
-2.567193031311035156e+00 3.401240825653076172e+00
-1.647355556488037109e+00 1.652281522750854492e+00
-2.624011993408203125e+00 3.354039907455444336e+00
-2.629882574081420898e+00 3.051273345947265625e+00
-2.669937849044799805e+00 3.241292715072631836e+00
-7.303914427757263184e-01 7.917555570602416992e-01
-1.491055846214294434e+00 1.499243021011352539e+00
-2.589736461639404297e+00 3.378300189971923828e+00
-2.579934120178222656e+00 3.333038330078125000e+00
-1.428911089897155762e+00 1.444155097007751465e+00
-2.604712486267089844e+00 3.320945262908935547e+00
-2.645677089691162109e+00 3.334123611450195312e+00
-7.759183049201965332e-01 8.130452632904052734e-01
-2.655982732772827148e+00 3.258599042892456055e+00
1.392518520355224609e+00 -1.069437503814697266e+00
-1.503117918968200684e+00 1.475162386894226074e+00
-2.628260135650634766e+00 3.418177127838134766e+00
-1.670704007148742676e+00 1.782221913337707520e+00
-1.893356204032897949e+00 1.967012405395507812e+00
1.426337122917175293e+00 -1.019696474075317383e+00
-2.593935728073120117e+00 3.306171655654907227e+00
-2.584960699081420898e+00 3.096168041229248047e+00
-2.641867876052856445e+00 3.277689456939697266e+00
1.543899655342102051e+00 -1.306845784187316895e+00
1.349747300148010254e+00 -1.042985796928405762e+00
1.578649878501892090e+00 -1.369506001472473145e+00
1.457878947257995605e+00 -1.175142288208007812e+00
1.498656630516052246e+00 -1.149148106575012207e+00
-1.365722775459289551e+00 1.338321924209594727e+00
1.563401460647583008e+00 -1.293395042419433594e+00
5.949376150965690613e-02 1.420145183801651001e-01
1.569007992744445801e+00 -1.271501302719116211e+00
-1.646166801452636719e+00 2.417040824890136719e+00
1.397490978240966797e+00 -1.050755143165588379e+00
1.309734940528869629e+00 -1.038949370384216309e+00
1.599703907966613770e+00 -1.353434562683105469e+00
-1.336078763008117676e+00 1.283228039741516113e+00
1.607942223548889160e+00 -1.387967109680175781e+00
1.567717671394348145e+00 -1.319102644920349121e+00
1.572206854820251465e+00 -1.355083107948303223e+00
1.594643115997314453e+00 -1.299782037734985352e+00
1.646067261695861816e+00 -1.401010036468505859e+00
1.453898072242736816e+00 -1.012150883674621582e+00
1.509134769439697266e+00 -1.202468514442443848e+00
1.569124817848205566e+00 -1.330554246902465820e+00
1.454725384712219238e+00 -1.311608195304870605e+00
1.577522397041320801e+00 -1.345724344253540039e+00
1.328367710113525391e+00 -1.061111688613891602e+00
1.533138871192932129e+00 -1.279666304588317871e+00
4.093734920024871826e-01 -4.384778439998626709e-01
-2.595159530639648438e+00 3.146697282791137695e+00
-1.879285097122192383e+00 1.967059969902038574e+00
-1.521467089653015137e+00 1.578479290008544922e+00
1.455788493156433105e+00 -1.066576361656188965e+00
-1.568023920059204102e+00 1.625311851501464844e+00
1.583328247070312500e+00 -1.363026022911071777e+00
1.664748549461364746e+00 -1.402570486068725586e+00
1.415823340415954590e+00 -1.028878927230834961e+00
1.667549967765808105e+00 -1.439618229866027832e+00
1.561541080474853516e+00 -1.335633516311645508e+00
1.502615213394165039e+00 -1.206770777702331543e+00
1.612846851348876953e+00 -1.395539522171020508e+00
1.596099972724914551e+00 -1.285639047622680664e+00
1.512301445007324219e+00 -1.116978049278259277e+00
1.602955341339111328e+00 -1.365491747856140137e+00
1.308362126350402832e+00 -1.081435799598693848e+00
1.427217245101928711e+00 -1.168611884117126465e+00
1.316581845283508301e+00 -1.043686866760253906e+00
1.649064779281616211e+00 -1.394294738769531250e+00
1.329653859138488770e+00 -1.049542069435119629e+00
1.464966416358947754e+00 -1.103686451911926270e+00
-1.199842333793640137e+00 1.318353772163391113e+00
1.260769963264465332e+00 -1.032939791679382324e+00
