-2.580733060836791992e+00 3.384729146957397461e+00
-2.618869304656982422e+00 3.409668684005737305e+00
-2.645287990570068359e+00 3.383083581924438477e+00
-2.606941461563110352e+00 3.001244306564331055e+00
1.536535501480102539e+00 -1.280976772308349609e+00
-2.628342390060424805e+00 3.353194236755371094e+00
1.496898531913757324e+00 -1.207454800605773926e+00
-2.619508981704711914e+00 3.319999933242797852e+00
1.525737404823303223e+00 -1.260058641433715820e+00
-2.598659276962280273e+00 3.415423870086669922e+00
-2.612262725830078125e+00 3.425027132034301758e+00
-2.641410350799560547e+00 3.347362279891967773e+00
-2.675567388534545898e+00 3.078505754470825195e+00
-1.182629942893981934e+00 1.200465440750122070e+00
-2.652876138687133789e+00 2.978331565856933594e+00
-2.652754306793212891e+00 3.163567781448364258e+00
-2.804405093193054199e-01 4.074132740497589111e-01
-2.582933425903320312e+00 3.369744062423706055e+00
-1.062051177024841309e+00 1.097271323204040527e+00
1.507035374641418457e+00 -1.219107508659362793e+00
-2.681073188781738281e+00 3.224261999130249023e+00
-2.610027074813842773e+00 3.357248544692993164e+00
1.497360110282897949e+00 -1.203260183334350586e+00
-2.125045537948608398e+00 2.315216541290283203e+00
-2.649608373641967773e+00 3.404049634933471680e+00
-1.561871647834777832e+00 1.657049655914306641e+00
-1.118028759956359863e+00 1.179484844207763672e+00
-2.577784776687622070e+00 3.413092136383056641e+00
-1.727260112762451172e+00 1.748091101646423340e+00
-2.630237340927124023e+00 3.369290590286254883e+00
-2.652229785919189453e+00 3.116140604019165039e+00
-2.685279369354248047e+00 3.277986049652099609e+00
-7.553589344024658203e-01 8.129571676254272461e-01
-1.532466769218444824e+00 1.547202587127685547e+00
-2.600551605224609375e+00 3.390181303024291992e+00
-2.588440179824829102e+00 3.344885110855102539e+00
-1.465658068656921387e+00 1.478342294692993164e+00
-2.617652177810668945e+00 3.341045618057250977e+00
-2.652020215988159180e+00 3.351886749267578125e+00
-8.058030009269714355e-01 8.322615027427673340e-01
-2.664026975631713867e+00 3.281167268753051758e+00
1.374353051185607910e+00 -1.063601732254028320e+00
-1.552233576774597168e+00 1.534380197525024414e+00
-2.639075279235839844e+00 3.432335138320922852e+00
-1.697660565376281738e+00 1.818784117698669434e+00
-2.001505136489868164e+00 2.108360052108764648e+00
1.427003264427185059e+00 -1.016151189804077148e+00
-2.606402873992919922e+00 3.327747583389282227e+00
-2.596348047256469727e+00 3.104685544967651367e+00
-2.648591041564941406e+00 3.311733245849609375e+00
1.558132290840148926e+00 -1.327808618545532227e+00
1.330028414726257324e+00 -1.037908196449279785e+00
1.597672700881958008e+00 -1.395408630371093750e+00
1.454025506973266602e+00 -1.176639318466186523e+00
1.498679757118225098e+00 -1.150523304939270020e+00
-1.393966555595397949e+00 1.362857699394226074e+00
1.573370099067687988e+00 -1.297341346740722656e+00
1.288001239299774170e-01 9.903812408447265625e-02
1.582360148429870605e+00 -1.289147377014160156e+00
-1.801346182823181152e+00 2.185140132904052734e+00
1.393379211425781250e+00 -1.050894975662231445e+00
1.290099263191223145e+00 -1.034681558609008789e+00
1.619203686714172363e+00 -1.379368066787719727e+00
-1.361107230186462402e+00 1.311125159263610840e+00
1.628818750381469727e+00 -1.414479255676269531e+00
1.584115028381347656e+00 -1.341038942337036133e+00
1.590971946716308594e+00 -1.381068468093872070e+00
1.610955357551574707e+00 -1.320813059806823730e+00
1.669349908828735352e+00 -1.430326938629150391e+00
1.449492216110229492e+00 -1.011492729187011719e+00
1.514351129531860352e+00 -1.207500219345092773e+00
1.586688160896301270e+00 -1.354021549224853516e+00
1.235508084297180176e+00 -1.259069323539733887e+00
1.596269726753234863e+00 -1.370534896850585938e+00
1.302253723144531250e+00 -1.050697088241577148e+00
1.545564293861389160e+00 -1.297989845275878906e+00
3.361567258834838867e-01 -3.648529052734375000e-01
-2.610264778137207031e+00 3.175821065902709961e+00
-1.984623551368713379e+00 2.100828886032104492e+00
-1.564890980720520020e+00 1.637340664863586426e+00
1.450245738029479980e+00 -1.066510796546936035e+00
-1.626258730888366699e+00 1.689796209335327148e+00
1.603457212448120117e+00 -1.389779567718505859e+00
1.688617825508117676e+00 -1.431655287742614746e+00
1.432798743247985840e+00 -1.036532878875732422e+00
1.691750168800354004e+00 -1.469934940338134766e+00
1.579731225967407227e+00 -1.360908985137939453e+00
1.505659222602844238e+00 -1.214533925056457520e+00
1.634738683700561523e+00 -1.423163533210754395e+00
1.612265944480895996e+00 -1.305263757705688477e+00
1.512051939964294434e+00 -1.119769454002380371e+00
1.623330950736999512e+00 -1.391685247421264648e+00
1.279830574989318848e+00 -1.072697281837463379e+00
1.417755484580993652e+00 -1.168147563934326172e+00
1.296572327613830566e+00 -1.037987947463989258e+00
1.671815037727355957e+00 -1.422019958496093750e+00
1.309108376502990723e+00 -1.045278787612915039e+00
1.469727396965026855e+00 -1.108777523040771484e+00
-1.240518927574157715e+00 1.357519984245300293e+00
1.236582875251770020e+00 -1.027566552162170410e+00
