-2.581551074981689453e+00 3.386078119277954102e+00
-2.619722127914428711e+00 3.410879373550415039e+00
-2.646051406860351562e+00 3.384484529495239258e+00
-2.608981847763061523e+00 3.004400968551635742e+00
1.537887096405029297e+00 -1.283067345619201660e+00
-2.628979206085205078e+00 3.354589223861694336e+00
1.497947812080383301e+00 -1.209046006202697754e+00
-2.620333671569824219e+00 3.321331501007080078e+00
1.527242422103881836e+00 -1.262373924255371094e+00
-2.599532842636108398e+00 3.416597366333007812e+00
-2.613140106201171875e+00 3.426307678222656250e+00
-2.642138957977294922e+00 3.348724365234375000e+00
-2.676732063293457031e+00 3.081352472305297852e+00
-1.183493494987487793e+00 1.201253294944763184e+00
-2.655405521392822266e+00 2.983788251876831055e+00
-2.653779506683349609e+00 3.165976047515869141e+00
-2.794685959815979004e-01 4.063551425933837891e-01
-2.583761692047119141e+00 3.370998144149780273e+00
-1.063899517059326172e+00 1.098920583724975586e+00
1.508326768875122070e+00 -1.221106290817260742e+00
-2.682065010070800781e+00 3.226350784301757812e+00
-2.610933303833007812e+00 3.358533143997192383e+00
1.498305916786193848e+00 -1.204763174057006836e+00
-2.133018493652343750e+00 2.325408458709716797e+00
-2.650438308715820312e+00 3.405403137207031250e+00
-1.565379858016967773e+00 1.661614894866943359e+00
-1.118807673454284668e+00 1.179997444152832031e+00
-2.578698635101318359e+00 3.414252281188964844e+00
-1.730907917022705078e+00 1.752386450767517090e+00
-2.630913019180297852e+00 3.370638608932495117e+00
-2.653361082077026367e+00 3.119108438491821289e+00
-2.686239004135131836e+00 3.280068397521972656e+00
-7.575718164443969727e-01 8.149815797805786133e-01
-1.534370422363281250e+00 1.549415826797485352e+00
-2.601462841033935547e+00 3.391349554061889648e+00
-2.589296340942382812e+00 3.346158266067504883e+00
-1.466017603874206543e+00 1.479083538055419922e+00
-2.618477821350097656e+00 3.342373371124267578e+00
-2.652692556381225586e+00 3.353331565856933594e+00
-8.066703081130981445e-01 8.327227830886840820e-01
-2.664669990539550781e+00 3.282722711563110352e+00
1.374316096305847168e+00 -1.063946008682250977e+00
-1.553740262985229492e+00 1.536291360855102539e+00
-2.639882087707519531e+00 3.433506250381469727e+00
-1.696901082992553711e+00 1.820172786712646484e+00
-2.005286455154418945e+00 2.113196134567260742e+00
1.421613931655883789e+00 -1.015245676040649414e+00
-2.607274055480957031e+00 3.329271078109741211e+00
-2.597023010253906250e+00 3.106063365936279297e+00
-2.649147272109985352e+00 3.313800811767578125e+00
1.559508323669433594e+00 -1.330010533332824707e+00
1.329600572586059570e+00 -1.037936568260192871e+00
1.598901033401489258e+00 -1.397158145904541016e+00
1.454951524734497070e+00 -1.177972793579101562e+00
1.499818086624145508e+00 -1.151985406875610352e+00
-1.395660400390625000e+00 1.364261865615844727e+00
1.573942422866821289e+00 -1.297739624977111816e+00
1.320305615663528442e-01 9.673200547695159912e-02
1.584229588508605957e+00 -1.292080283164978027e+00
-1.799946665763854980e+00 2.188996315002441406e+00
1.392432451248168945e+00 -1.050889849662780762e+00
1.289357423782348633e+00 -1.034588336944580078e+00
1.620712637901306152e+00 -1.381520032882690430e+00
-1.361360311508178711e+00 1.311424255371093750e+00
1.630399465560913086e+00 -1.416465997695922852e+00
1.585607767105102539e+00 -1.343263983726501465e+00
1.592407464981079102e+00 -1.383154034614562988e+00
1.612447619438171387e+00 -1.322973847389221191e+00
1.671061754226684570e+00 -1.432645082473754883e+00
1.449167728424072266e+00 -1.011509895324707031e+00
1.515583515167236328e+00 -1.209427118301391602e+00
1.588097572326660156e+00 -1.356121540069580078e+00
1.233979344367980957e+00 -1.260132789611816406e+00
1.597869396209716797e+00 -1.372655153274536133e+00
1.303076505661010742e+00 -1.051382303237915039e+00
1.546866178512573242e+00 -1.300005793571472168e+00
3.377840518951416016e-01 -3.666071295738220215e-01
-2.610881805419921875e+00 3.177100896835327148e+00
-1.988971710205078125e+00 2.106448411941528320e+00
-1.567206621170043945e+00 1.640421986579895020e+00
1.449775457382202148e+00 -1.066540598869323730e+00
-1.629185199737548828e+00 1.692892074584960938e+00
1.604998826980590820e+00 -1.391933679580688477e+00
1.690528273582458496e+00 -1.434227585792541504e+00
1.432380199432373047e+00 -1.036468386650085449e+00
1.693413019180297852e+00 -1.472224950790405273e+00
1.581122159957885742e+00 -1.362985372543334961e+00
1.506742477416992188e+00 -1.216233611106872559e+00
1.636329770088195801e+00 -1.425141215324401855e+00
1.613799810409545898e+00 -1.307232141494750977e+00
1.512748718261718750e+00 -1.120556473731994629e+00
1.624943256378173828e+00 -1.393917798995971680e+00
1.279385328292846680e+00 -1.072726845741271973e+00
1.418464422225952148e+00 -1.169289350509643555e+00
1.295866370201110840e+00 -1.038036346435546875e+00
1.673835515975952148e+00 -1.424658656120300293e+00
1.308569431304931641e+00 -1.045271515846252441e+00
1.469869613647460938e+00 -1.109328866004943848e+00
-1.242574453353881836e+00 1.359596133232116699e+00
1.235623717308044434e+00 -1.027389883995056152e+00
