-1.441773533821105957e+00 1.582626938819885254e+00
-3.605746030807495117e-01 1.656281352043151855e-01
-1.521193027496337891e+00 1.550980210304260254e+00
-5.356518626213073730e-01 3.025145530700683594e-01
8.169132471084594727e-01 -9.477326273918151855e-01
7.942247986793518066e-01 -8.495119214057922363e-01
8.169392943382263184e-01 -9.515459537506103516e-01
-9.028153419494628906e-01 9.622004628181457520e-01
8.156387805938720703e-01 -9.442852735519409180e-01
-1.630643486976623535e+00 1.929083585739135742e+00
-1.311681151390075684e+00 1.513421893119812012e+00
-1.157899975776672363e+00 1.335245609283447266e+00
-1.064036846160888672e+00 1.272302031517028809e+00
1.295912146568298340e+00 -9.370667934417724609e-01
-4.151071310043334961e-01 3.651208877563476562e-01
-1.101382732391357422e+00 1.289176821708679199e+00
9.174473881721496582e-01 -7.155100107192993164e-01
-1.359191894531250000e+00 1.371461033821105957e+00
4.880137443542480469e-01 -9.200497269630432129e-01
8.126105666160583496e-01 -9.462090730667114258e-01
8.623196482658386230e-01 -8.537144064903259277e-01
-1.257215619087219238e+00 1.343810439109802246e+00
8.077874779701232910e-01 -9.532763361930847168e-01
-8.527916669845581055e-01 6.613596081733703613e-01
-1.539401412010192871e+00 1.650685191154479980e+00
2.931686639785766602e-01 -5.324845910072326660e-01
8.000855445861816406e-01 -9.500960111618041992e-01
-1.678621053695678711e+00 1.976082205772399902e+00
-8.559800386428833008e-01 9.013080596923828125e-01
-1.262929797172546387e+00 1.365071058273315430e+00
1.159144520759582520e+00 -1.071253895759582520e+00
9.141679406166076660e-01 -7.171296477317810059e-01
9.078058600425720215e-02 -2.883458137512207031e-01
-9.159470200538635254e-01 9.517040848731994629e-01
-1.525906920433044434e+00 1.568097114562988281e+00
-1.336995244026184082e+00 1.464147806167602539e+00
8.186871409416198730e-01 -8.722991943359375000e-01
8.110098242759704590e-01 -9.611718058586120605e-01
-1.509258985519409180e+00 1.570632100105285645e+00
8.398661017417907715e-01 -9.928342103958129883e-01
-8.292798399925231934e-01 7.511455416679382324e-01
8.086853623390197754e-01 -9.515873193740844727e-01
1.140686392784118652e+00 -8.646439909934997559e-01
9.326851367950439453e-01 -8.804554939270019531e-01
8.826623558998107910e-01 -7.600496411323547363e-01
8.353175520896911621e-01 -8.291140794754028320e-01
8.286737799644470215e-01 -8.840308785438537598e-01
-1.244619011878967285e+00 1.423629283905029297e+00
8.017552495002746582e-01 -9.656571745872497559e-01
1.126744866371154785e+00 -7.146388292312622070e-01
8.267288208007812500e-01 -9.589947462081909180e-01
8.122164011001586914e-01 -9.385877251625061035e-01
8.171188831329345703e-01 -9.591439366340637207e-01
8.125954270362854004e-01 -9.548199772834777832e-01
8.124471306800842285e-01 -9.539791345596313477e-01
1.741379126906394958e-02 -1.986034661531448364e-01
6.743158698081970215e-01 -1.085614323616027832e+00
-2.650985121726989746e-01 -8.704801648855209351e-02
8.146870732307434082e-01 -9.713733196258544922e-01
8.264232277870178223e-01 -8.815688490867614746e-01
8.168571591377258301e-01 -9.752646088600158691e-01
8.188241124153137207e-01 -9.388960599899291992e-01
8.203768134117126465e-01 -9.647791385650634766e-01
2.590478062629699707e-01 -6.959502696990966797e-01
8.160957098007202148e-01 -9.563651680946350098e-01
8.138149976730346680e-01 -9.466370344161987305e-01
8.070566654205322266e-01 -8.896480202674865723e-01
8.141162395477294922e-01 -9.527766108512878418e-01
8.034831285476684570e-01 -9.741959571838378906e-01
8.185818791389465332e-01 -9.592090249061584473e-01
8.156703114509582520e-01 -9.658122658729553223e-01
8.145169615745544434e-01 -9.726755023002624512e-01
7.851472496986389160e-01 -8.955545425415039062e-01
8.173593878746032715e-01 -9.360771179199218750e-01
9.236732125282287598e-01 -6.807467341423034668e-01
9.209405183792114258e-01 -7.987846136093139648e-01
3.633247911930084229e-01 -8.081424236297607422e-01
8.003743290901184082e-01 -9.562970399856567383e-01
7.805013656616210938e-01 -9.041791558265686035e-01
1.306520819664001465e+00 -1.012313842773437500e+00
8.041805624961853027e-01 -9.581165909767150879e-01
8.071919083595275879e-01 -9.318310618400573730e-01
8.221870660781860352e-01 -9.727046489715576172e-01
8.260945677757263184e-01 -9.870024323463439941e-01
8.135516643524169922e-01 -9.352006912231445312e-01
8.087419867515563965e-01 -9.534658193588256836e-01
8.071666359901428223e-01 -9.210978150367736816e-01
8.235923051834106445e-01 -9.291854500770568848e-01
8.167543411254882812e-01 -9.446650147438049316e-01
8.232623338699340820e-01 -9.853209853172302246e-01
8.131077289581298828e-01 -9.562347531318664551e-01
8.078386187553405762e-01 -9.569640755653381348e-01
8.064650893211364746e-01 -9.589309096336364746e-01
8.159961104393005371e-01 -9.412337541580200195e-01
8.133511543273925781e-01 -9.567241072654724121e-01
8.029341101646423340e-01 -9.584326744079589844e-01
8.165614008903503418e-01 -9.081205725669860840e-01
8.117910027503967285e-01 -9.593003988265991211e-01
-7.098146080970764160e-01 6.143959164619445801e-01
7.935515046119689941e-01 -9.389590620994567871e-01
