-1.555364370346069336e+00 1.787387013435363770e+00
-1.593746304512023926e+00 1.823017477989196777e+00
-1.567995429039001465e+00 1.772848963737487793e+00
-1.469853520393371582e+00 1.651488661766052246e+00
8.938958644866943359e-01 -7.996641993522644043e-01
-9.704258441925048828e-01 1.033170580863952637e+00
8.190648555755615234e-01 -7.476144433021545410e-01
-1.411094546318054199e+00 1.573502540588378906e+00
8.998126387596130371e-01 -8.048940896987915039e-01
-1.702785730361938477e+00 1.955275654792785645e+00
-1.551540255546569824e+00 1.752729058265686035e+00
-1.562940239906311035e+00 1.778649926185607910e+00
-1.339437961578369141e+00 1.452308177947998047e+00
-3.557325154542922974e-02 2.547211945056915283e-01
-1.062106490135192871e+00 1.138213276863098145e+00
-1.432787537574768066e+00 1.610557913780212402e+00
-1.430170893669128418e+00 1.602121949195861816e+00
-1.522053837776184082e+00 1.732869505882263184e+00
-5.909634828567504883e-01 7.789911627769470215e-01
8.947371840476989746e-01 -8.061093091964721680e-01
1.532763391733169556e-01 -2.502543330192565918e-01
-1.564748167991638184e+00 1.795679330825805664e+00
-6.657426804304122925e-02 3.399250805377960205e-01
-3.932427763938903809e-01 4.590981304645538330e-01
-1.575034022331237793e+00 1.814812541007995605e+00
-4.151185452938079834e-01 5.269683003425598145e-01
7.184209823608398438e-01 -4.257645308971405029e-01
-1.712153315544128418e+00 1.970570325851440430e+00
-7.402171492576599121e-01 8.018897771835327148e-01
-1.518959403038024902e+00 1.666977167129516602e+00
-9.031262397766113281e-01 9.791405200958251953e-01
1.452237218618392944e-01 -3.863661885261535645e-01
-4.395674765110015869e-01 5.345501899719238281e-01
-5.153872370719909668e-01 5.975933074951171875e-01
-1.667483329772949219e+00 1.903943538665771484e+00
-1.532970786094665527e+00 1.726240038871765137e+00
6.337819099426269531e-01 -8.065576553344726562e-01
4.878572821617126465e-01 -3.136875033378601074e-01
-1.549470424652099609e+00 1.754145979881286621e+00
-8.759809136390686035e-01 9.330906867980957031e-01
-1.259335637092590332e+00 1.378525733947753906e+00
7.421042919158935547e-01 -7.638999223709106445e-01
8.627583980560302734e-01 -4.284612834453582764e-01
-1.673216700553894043e+00 1.928048372268676758e+00
6.732296347618103027e-01 -8.543746471405029297e-01
-1.432659864425659180e+00 1.580941438674926758e+00
8.400493860244750977e-01 -7.706980705261230469e-01
-1.462901234626770020e+00 1.657694220542907715e+00
7.449758648872375488e-01 -7.534661889076232910e-01
8.265269994735717773e-01 -4.393585622310638428e-01
8.940551877021789551e-01 -7.987846732139587402e-01
7.552580237388610840e-01 -7.435585856437683105e-01
9.006767272949218750e-01 -8.047831058502197266e-01
8.744508624076843262e-01 -7.804670929908752441e-01
8.628805279731750488e-01 -7.847008705139160156e-01
-6.230149269104003906e-01 7.276285886764526367e-01
1.070845350623130798e-01 2.226398885250091553e-01
-1.411656737327575684e+00 1.580526232719421387e+00
9.215524196624755859e-01 -8.280835151672363281e-01
7.609392404556274414e-01 -7.526299357414245605e-01
8.454467058181762695e-01 -7.645210027694702148e-01
8.187596797943115234e-01 -7.576932311058044434e-01
9.218209981918334961e-01 -8.179616332054138184e-01
-5.925709009170532227e-01 6.658295392990112305e-01
8.439404964447021484e-01 -7.686576843261718750e-01
9.027040004730224609e-01 -8.019642829895019531e-01
8.993221521377563477e-01 -8.023459911346435547e-01
7.260156273841857910e-01 -7.619045972824096680e-01
9.104112386703491211e-01 -8.279513120651245117e-01
-4.905550777912139893e-01 6.009339690208435059e-01
9.061241149902343750e-01 -8.075199127197265625e-01
9.130866527557373047e-01 -8.077045679092407227e-01
-8.889970928430557251e-02 3.487034142017364502e-01
8.645889759063720703e-01 -7.852845191955566406e-01
6.619210839271545410e-01 -8.281164169311523438e-01
8.904083967208862305e-01 -7.949289679527282715e-01
-7.226661443710327148e-01 7.938948869705200195e-01
-1.369794964790344238e+00 1.549192309379577637e+00
7.268142700195312500e-01 -3.726732432842254639e-01
-1.011472463607788086e+00 1.120881676673889160e+00
8.375768661499023438e-01 -7.687246799468994141e-01
7.470479011535644531e-01 -7.720568776130676270e-01
9.161474108695983887e-01 -8.146517276763916016e-01
8.861296176910400391e-01 -8.179138302803039551e-01
3.842700719833374023e-01 -4.015132784843444824e-01
8.589429855346679688e-01 -7.872305512428283691e-01
9.373437166213989258e-01 -8.112725019454956055e-01
8.500082492828369141e-01 -7.701817750930786133e-01
8.562643527984619141e-01 -7.722046375274658203e-01
6.929125189781188965e-01 -8.881246447563171387e-01
5.106669664382934570e-01 -2.504309117794036865e-01
9.006084203720092773e-01 -8.086079955101013184e-01
8.256344199180603027e-01 -7.570220828056335449e-01
8.516305088996887207e-01 -7.726012468338012695e-01
8.328260779380798340e-01 -7.633011341094970703e-01
8.721382617950439453e-01 -7.978835105895996094e-01
6.834710240364074707e-01 -8.694018125534057617e-01
8.379653692245483398e-01 -7.587240338325500488e-01
-3.973907828330993652e-01 5.258414149284362793e-01
7.698653340339660645e-01 -7.459881305694580078e-01
