-2.265020132064819336e+00 2.644422769546508789e+00
-2.203273296356201172e+00 2.849307060241699219e+00
-2.260179996490478516e+00 2.564849376678466797e+00
-1.943874835968017578e+00 2.101740837097167969e+00
1.611468553543090820e+00 -1.271928310394287109e+00
-2.249055862426757812e+00 2.555415630340576172e+00
-2.011821269989013672e+00 2.203671455383300781e+00
-2.240280151367187500e+00 2.595290422439575195e+00
1.585254311561584473e+00 -1.269855022430419922e+00
-2.175501346588134766e+00 2.880411386489868164e+00
-2.272731304168701172e+00 2.645725727081298828e+00
-2.261714696884155273e+00 2.584970951080322266e+00
-2.177558898925781250e+00 2.376573085784912109e+00
-1.823839187622070312e+00 2.019051551818847656e+00
-2.083594799041748047e+00 2.266573905944824219e+00
-2.266718387603759766e+00 2.543216466903686523e+00
-1.339851617813110352e+00 1.566310524940490723e+00
-2.228690624237060547e+00 2.508888721466064453e+00
-1.823982119560241699e+00 2.010219097137451172e+00
1.586308717727661133e+00 -1.276110410690307617e+00
-2.260499238967895508e+00 2.568767547607421875e+00
-2.242546081542968750e+00 2.735993146896362305e+00
1.540520191192626953e+00 -1.277675151824951172e+00
-2.061882734298706055e+00 2.249978065490722656e+00
-2.261657953262329102e+00 2.713927268981933594e+00
-2.018293619155883789e+00 2.194159507751464844e+00
-2.011066913604736328e+00 2.155353546142578125e+00
-2.134603738784790039e+00 2.886584520339965820e+00
-2.146462440490722656e+00 2.369857549667358398e+00
-2.262221336364746094e+00 2.626797676086425781e+00
-2.064928054809570312e+00 2.209167003631591797e+00
-2.148392677307128906e+00 2.339740753173828125e+00
-2.114270448684692383e+00 2.270140647888183594e+00
-2.052399635314941406e+00 2.199550390243530273e+00
-2.154554367065429688e+00 2.844184875488281250e+00
-2.250899314880371094e+00 2.535765647888183594e+00
-1.989501953125000000e+00 2.210700035095214844e+00
-2.225764751434326172e+00 2.630838871002197266e+00
-2.271062374114990234e+00 2.582173347473144531e+00
-1.907616615295410156e+00 2.102655410766601562e+00
-2.133615970611572266e+00 2.308927297592163086e+00
1.407843112945556641e+00 -1.236987113952636719e+00
-2.108675718307495117e+00 2.251919746398925781e+00
-2.155348777770996094e+00 2.878753900527954102e+00
-2.260155677795410156e+00 2.384528398513793945e+00
-2.127502918243408203e+00 2.282109022140502930e+00
1.599155545234680176e+00 -1.277080535888671875e+00
-2.275977611541748047e+00 2.608916282653808594e+00
-2.182429075241088867e+00 2.499757766723632812e+00
-2.191085338592529297e+00 2.427342176437377930e+00
1.613190412521362305e+00 -1.271307587623596191e+00
1.268152594566345215e+00 -1.145757913589477539e+00
1.615770816802978516e+00 -1.281433582305908203e+00
1.558483600616455078e+00 -1.281373262405395508e+00
1.593324303627014160e+00 -1.287116885185241699e+00
-1.253927826881408691e+00 1.586260557174682617e+00
-1.970151960849761963e-01 4.144239425659179688e-01
-1.127083182334899902e+00 1.286805152893066406e+00
1.613244295120239258e+00 -1.282431960105895996e+00
1.567934393882751465e+00 -1.263474702835083008e+00
-1.568764090538024902e+00 1.583304643630981445e+00
1.452870130538940430e+00 -1.259957313537597656e+00
1.614530801773071289e+00 -1.275136828422546387e+00
-1.942143559455871582e+00 2.115916490554809570e+00
1.613479018211364746e+00 -1.266917705535888672e+00
1.610452294349670410e+00 -1.274163961410522461e+00
1.614912867546081543e+00 -1.272960186004638672e+00
1.584943652153015137e+00 -1.272087574005126953e+00
1.629895567893981934e+00 -1.283538103103637695e+00
1.165001749992370605e+00 -1.084672927856445312e+00
1.608593702316284180e+00 -1.274823665618896484e+00
1.615166068077087402e+00 -1.273554563522338867e+00
-1.853346467018127441e+00 2.062906026840209961e+00
1.622285008430480957e+00 -1.276480078697204590e+00
-2.067569494247436523e+00 2.262219905853271484e+00
1.610609769821166992e+00 -1.273273468017578125e+00
-1.711994886398315430e+00 1.908846855163574219e+00
-2.057121276855468750e+00 2.361435413360595703e+00
-2.044510602951049805e+00 2.212941169738769531e+00
-2.025248050689697266e+00 2.169021129608154297e+00
1.534915089607238770e+00 -1.292019009590148926e+00
-1.969972372055053711e+00 2.130974292755126953e+00
1.612272739410400391e+00 -1.274679899215698242e+00
1.634975433349609375e+00 -1.288496255874633789e+00
1.081391572952270508e+00 -1.043172121047973633e+00
1.635521173477172852e+00 -1.283718585968017578e+00
1.614425659179687500e+00 -1.273916602134704590e+00
1.601149797439575195e+00 -1.265923023223876953e+00
1.617330074310302734e+00 -1.274543762207031250e+00
1.598552465438842773e+00 -1.300134420394897461e+00
1.481427907943725586e+00 -1.255931377410888672e+00
1.620407223701477051e+00 -1.275174021720886230e+00
1.587851047515869141e+00 -1.267658829689025879e+00
1.595511198043823242e+00 -1.268400311470031738e+00
-2.042391777038574219e+00 2.238788127899169922e+00
1.618585109710693359e+00 -1.289671659469604492e+00
1.255757331848144531e+00 -1.144168376922607422e+00
1.600197076797485352e+00 -1.274689435958862305e+00
-2.099858522415161133e+00 2.279247760772705078e+00
1.287588119506835938e+00 -1.175047636032104492e+00
