-2.190783500671386719e+00 2.509577989578247070e+00
-2.259887218475341797e+00 2.845756530761718750e+00
-2.152955293655395508e+00 2.473547220230102539e+00
-1.715121865272521973e+00 1.929940223693847656e+00
1.276617765426635742e+00 -1.049567937850952148e+00
-2.040185928344726562e+00 2.361576795578002930e+00
1.276904940605163574e+00 -1.029560804367065430e+00
-2.134495258331298828e+00 2.448867559432983398e+00
1.239960074424743652e+00 -1.027619838714599609e+00
-2.239149332046508789e+00 2.887819051742553711e+00
-2.237842321395874023e+00 2.577725648880004883e+00
-2.093749284744262695e+00 2.418965816497802734e+00
-1.957840919494628906e+00 2.240241765975952148e+00
-1.710464715957641602e+00 1.946575641632080078e+00
-1.794846415519714355e+00 2.066607713699340820e+00
-1.922691702842712402e+00 2.222139596939086914e+00
7.893164157867431641e-01 -8.435173630714416504e-01
-2.165577650070190430e+00 2.477200984954833984e+00
-1.391232967376708984e+00 1.540988922119140625e+00
1.273467898368835449e+00 -1.034901380538940430e+00
-1.977345228195190430e+00 2.307176351547241211e+00
-2.304647684097290039e+00 2.692932605743408203e+00
1.315444707870483398e+00 -1.023466110229492188e+00
-1.746185541152954102e+00 1.991057395935058594e+00
-2.266367197036743164e+00 2.618285417556762695e+00
-1.428178548812866211e+00 1.692287683486938477e+00
-1.777555465698242188e+00 1.973501563072204590e+00
-2.233025550842285156e+00 2.903075933456420898e+00
-1.833277225494384766e+00 2.097812891006469727e+00
-2.247556447982788086e+00 2.570267915725708008e+00
-1.911554336547851562e+00 2.211472511291503906e+00
-1.903018951416015625e+00 2.211814165115356445e+00
-3.672634437680244446e-02 2.728961706161499023e-01
-1.812647223472595215e+00 2.065719366073608398e+00
-2.282668590545654297e+00 2.895867824554443359e+00
-2.074215173721313477e+00 2.395537137985229492e+00
-1.824918031692504883e+00 2.116124868392944336e+00
-2.178690910339355469e+00 2.578438043594360352e+00
-2.078406810760498047e+00 2.379076719284057617e+00
-1.366091251373291016e+00 1.449175357818603516e+00
-1.929919123649597168e+00 2.211841821670532227e+00
1.282974362373352051e+00 -1.008634448051452637e+00
-1.826299667358398438e+00 2.076186418533325195e+00
-2.261477708816528320e+00 2.867528200149536133e+00
-2.047874927520751953e+00 2.267801046371459961e+00
-1.827844858169555664e+00 2.100335597991943359e+00
-1.834348320960998535e+00 2.123388290405273438e+00
-2.279279470443725586e+00 2.613923072814941406e+00
-2.290845155715942383e+00 2.752943038940429688e+00
-1.846098661422729492e+00 2.130120992660522461e+00
1.272480010986328125e+00 -1.050585269927978516e+00
1.270468831062316895e+00 -9.955150485038757324e-01
1.270573139190673828e+00 -1.065159797668457031e+00
1.264384031295776367e+00 -1.029927015304565430e+00
1.301743745803833008e+00 -1.027714252471923828e+00
-1.612567901611328125e+00 1.807522177696228027e+00
1.531056284904479980e+00 -1.106062531471252441e+00
3.671295046806335449e-01 -6.371760368347167969e-01
1.286627054214477539e+00 -1.046334743499755859e+00
1.178936123847961426e+00 -9.790397286415100098e-01
1.539780855178833008e+00 -1.186876773834228516e+00
1.266563892364501953e+00 -1.000612497329711914e+00
1.290832400321960449e+00 -1.054190993309020996e+00
-1.782155871391296387e+00 2.032612085342407227e+00
1.304625868797302246e+00 -1.064677596092224121e+00
1.286823034286499023e+00 -1.050624132156372070e+00
1.275578975677490234e+00 -1.058304548263549805e+00
1.303851366043090820e+00 -1.045894861221313477e+00
1.324044466018676758e+00 -1.063039779663085938e+00
1.324424266815185547e+00 -9.880895018577575684e-01
1.270266413688659668e+00 -1.041254401206970215e+00
1.303838968276977539e+00 -1.059877157211303711e+00
-6.265381574630737305e-01 8.739542961120605469e-01
1.312664389610290527e+00 -1.067874193191528320e+00
1.165904760360717773e+00 -9.637746214866638184e-01
1.273633241653442383e+00 -1.048616647720336914e+00
1.523475170135498047e+00 -1.209006547927856445e+00
-2.148935317993164062e+00 2.463630676269531250e+00
-1.799078583717346191e+00 2.058177709579467773e+00
-1.760034084320068359e+00 1.993746519088745117e+00
1.564997673034667969e+00 -1.146886825561523438e+00
-1.848213195800781250e+00 2.035124540328979492e+00
1.286354660987854004e+00 -1.057455658912658691e+00
1.331093430519104004e+00 -1.054633855819702148e+00
1.301251769065856934e+00 -9.752038121223449707e-01
1.349588274955749512e+00 -1.079028010368347168e+00
1.273604393005371094e+00 -1.057295680046081543e+00
1.299969911575317383e+00 -1.042636990547180176e+00
1.309436440467834473e+00 -1.064515113830566406e+00
1.328213810920715332e+00 -1.049261569976806641e+00
1.343902111053466797e+00 -1.026808857917785645e+00
1.307073831558227539e+00 -1.063673615455627441e+00
1.228177905082702637e+00 -1.025273919105529785e+00
1.240704417228698730e+00 -1.031379461288452148e+00
1.267635464668273926e+00 -9.869801402091979980e-01
1.305570602416992188e+00 -1.050060510635375977e+00
1.272497653961181641e+00 -1.014647960662841797e+00
1.270568966865539551e+00 -9.963734149932861328e-01
-1.662206888198852539e+00 1.944015026092529297e+00
1.244401812553405762e+00 -1.004164457321166992e+00
