-2.308627128601074219e+00 2.805728435516357422e+00
-2.263091087341308594e+00 2.951228618621826172e+00
-2.309237003326416016e+00 2.690016746520996094e+00
-1.811460494995117188e+00 2.034355640411376953e+00
1.382930636405944824e+00 -1.115768313407897949e+00
-2.280345916748046875e+00 2.640616893768310547e+00
1.340498328208923340e+00 -1.082202315330505371e+00
-2.296959400177001953e+00 2.629008293151855469e+00
1.323904156684875488e+00 -1.100252985954284668e+00
-2.224797725677490234e+00 2.965089559555053711e+00
-2.302428722381591797e+00 2.765818595886230469e+00
-2.322744607925415039e+00 2.782772541046142578e+00
-1.979965329170227051e+00 2.202457189559936523e+00
-1.589008927345275879e+00 1.735424995422363281e+00
-1.745732426643371582e+00 1.932014584541320801e+00
-1.977386951446533203e+00 2.229043006896972656e+00
-1.282683491706848145e+00 1.383864760398864746e+00
-2.332244634628295898e+00 2.733571529388427734e+00
-1.536284089088439941e+00 1.704600572586059570e+00
1.346877217292785645e+00 -1.095389842987060547e+00
-2.120844125747680664e+00 2.428097248077392578e+00
-2.323692321777343750e+00 2.893032073974609375e+00
1.355445981025695801e+00 -1.080534577369689941e+00
-1.657673954963684082e+00 1.776189446449279785e+00
-2.340949058532714844e+00 2.784257888793945312e+00
-1.595126390457153320e+00 1.781013846397399902e+00
-1.636933565139770508e+00 1.765477895736694336e+00
-2.202763080596923828e+00 2.973346471786499023e+00
-1.714426398277282715e+00 1.870315670967102051e+00
-2.310812473297119141e+00 2.696722269058227539e+00
-1.900041460990905762e+00 2.130222082138061523e+00
-1.953441500663757324e+00 2.219841480255126953e+00
-1.371691942214965820e+00 1.327102303504943848e+00
-1.687497019767761230e+00 1.824244141578674316e+00
-2.259007215499877930e+00 2.969368219375610352e+00
-2.333589076995849609e+00 2.779516935348510742e+00
-1.674153208732604980e+00 1.818814873695373535e+00
-2.249491691589355469e+00 2.669950485229492188e+00
-2.297519207000732422e+00 2.649897098541259766e+00
-1.566407561302185059e+00 1.619791030883789062e+00
-2.095151662826538086e+00 2.367101430892944336e+00
1.306475400924682617e+00 -1.063466906547546387e+00
-1.709547519683837891e+00 1.845743894577026367e+00
-2.294153690338134766e+00 2.915346622467041016e+00
-1.859946608543395996e+00 2.087490081787109375e+00
-1.821154475212097168e+00 2.012411832809448242e+00
1.267986416816711426e+00 -9.934647679328918457e-01
-2.307468891143798828e+00 2.651720762252807617e+00
-2.324605464935302734e+00 2.727952241897583008e+00
-2.023060798645019531e+00 2.310254096984863281e+00
1.380897641181945801e+00 -1.119588851928710938e+00
1.276422142982482910e+00 -1.044570565223693848e+00
1.428356885910034180e+00 -1.144214272499084473e+00
1.330552220344543457e+00 -1.092836499214172363e+00
1.373667836189270020e+00 -1.085970759391784668e+00
-1.582257747650146484e+00 1.714752674102783203e+00
1.503708839416503906e+00 -1.107276797294616699e+00
-1.468498349189758301e+00 1.592480659484863281e+00
1.392924666404724121e+00 -1.108094334602355957e+00
1.145528316497802734e+00 -1.037610173225402832e+00
-5.359840393066406250e-01 6.727347373962402344e-01
1.274803519248962402e+00 -1.058864712715148926e+00
1.414969563484191895e+00 -1.122339844703674316e+00
-1.621555209159851074e+00 1.728678226470947266e+00
1.432384133338928223e+00 -1.139328837394714355e+00
1.403318524360656738e+00 -1.118719220161437988e+00
1.406987071037292480e+00 -1.133340001106262207e+00
1.409337520599365234e+00 -1.108814597129821777e+00
1.458674311637878418e+00 -1.133626580238342285e+00
1.407566785812377930e+00 -9.952204823493957520e-01
1.360276341438293457e+00 -1.103279471397399902e+00
1.417546987533569336e+00 -1.120529651641845703e+00
1.350152730941772461e+00 -1.196055054664611816e+00
1.433144688606262207e+00 -1.133911013603210449e+00
1.180790781974792480e+00 -1.039633035659790039e+00
1.379781246185302734e+00 -1.116777539253234863e+00
-3.537550270557403564e-01 6.279413700103759766e-01
-2.164339780807495117e+00 2.499114990234375000e+00
-1.729331851005554199e+00 1.896556019783020020e+00
-1.628803849220275879e+00 1.784267067909240723e+00
1.494922518730163574e+00 -1.054501652717590332e+00
-1.728554129600524902e+00 1.863716483116149902e+00
1.419751644134521484e+00 -1.130505442619323730e+00
1.462077260017395020e+00 -1.124089598655700684e+00
9.834349155426025391e-01 -1.092757821083068848e+00
1.476323843002319336e+00 -1.145660161972045898e+00
1.408372521400451660e+00 -1.131364464759826660e+00
1.382541775703430176e+00 -1.099668622016906738e+00
1.439457774162292480e+00 -1.139387011528015137e+00
1.439868330955505371e+00 -1.109622597694396973e+00
1.368526816368103027e+00 -1.070271492004394531e+00
1.433602452278137207e+00 -1.129443764686584473e+00
1.278962016105651855e+00 -1.094239711761474609e+00
1.316148042678833008e+00 -1.100867748260498047e+00
1.327705264091491699e+00 -1.187281250953674316e+00
1.444710969924926758e+00 -1.126713156700134277e+00
1.301998853683471680e+00 -1.072148203849792480e+00
1.296588301658630371e+00 -1.046062827110290527e+00
-1.613335251808166504e+00 1.788567185401916504e+00
1.263006806373596191e+00 -1.067778229713439941e+00
