-2.403627157211303711e+00 3.115678071975708008e+00
-2.386434793472290039e+00 3.150962591171264648e+00
-2.465477228164672852e+00 3.058780193328857422e+00
-1.944197297096252441e+00 2.124453306198120117e+00
1.511539697647094727e+00 -1.123362898826599121e+00
-2.461869955062866211e+00 3.006009340286254883e+00
1.474027276039123535e+00 -1.065973162651062012e+00
-2.477094411849975586e+00 3.039490938186645508e+00
1.486409544944763184e+00 -1.088769555091857910e+00
-2.351007938385009766e+00 3.157626152038574219e+00
-2.425945520401000977e+00 3.102158069610595703e+00
-2.450070381164550781e+00 3.074179887771606445e+00
-2.128948450088500977e+00 2.339852571487426758e+00
-1.394767880439758301e+00 1.432394862174987793e+00
-1.799512863159179688e+00 1.900785565376281738e+00
-2.131824493408203125e+00 2.368841886520385742e+00
-8.322560191154479980e-01 8.830693364143371582e-01
-2.424058675765991211e+00 3.111436367034912109e+00
-1.350920081138610840e+00 1.420024752616882324e+00
1.498274326324462891e+00 -1.086985111236572266e+00
-2.384574174880981445e+00 2.711071491241455078e+00
-2.404681205749511719e+00 3.129408121109008789e+00
1.499996662139892578e+00 -1.068838000297546387e+00
-1.569501280784606934e+00 1.556905627250671387e+00
-2.456775903701782227e+00 3.094739198684692383e+00
-1.477510213851928711e+00 1.571180820465087891e+00
-1.446874737739562988e+00 1.466675758361816406e+00
-2.327839374542236328e+00 3.158522367477416992e+00
-1.566128373146057129e+00 1.564813494682312012e+00
-2.469341993331909180e+00 3.075817823410034180e+00
-2.110254049301147461e+00 2.343745946884155273e+00
-2.200205564498901367e+00 2.485251665115356445e+00
-1.124172449111938477e+00 1.065756916999816895e+00
-1.525186657905578613e+00 1.519162893295288086e+00
-2.372716426849365234e+00 3.146507501602172852e+00
-2.428333520889282227e+00 3.090594768524169922e+00
-1.516561627388000488e+00 1.500586390495300293e+00
-2.445714235305786133e+00 2.988183259963989258e+00
-2.478255987167358398e+00 3.013603448867797852e+00
-1.350131392478942871e+00 1.286271214485168457e+00
-2.424592494964599609e+00 2.778672456741333008e+00
1.475844025611877441e+00 -1.049073338508605957e+00
-1.546405196189880371e+00 1.514395475387573242e+00
-2.421761035919189453e+00 3.151624441146850586e+00
-1.673304319381713867e+00 1.754314064979553223e+00
-1.692619442939758301e+00 1.740204691886901855e+00
1.557149767875671387e+00 -1.073331236839294434e+00
-2.456995725631713867e+00 2.948865652084350586e+00
-2.458950519561767578e+00 2.843959331512451172e+00
-2.315741300582885742e+00 2.646446466445922852e+00
1.511897206306457520e+00 -1.128698945045471191e+00
1.458879947662353516e+00 -1.040627360343933105e+00
1.537227630615234375e+00 -1.177223324775695801e+00
1.480606198310852051e+00 -1.078054308891296387e+00
1.520664930343627930e+00 -1.087736725807189941e+00
-1.414020180702209473e+00 1.430835485458374023e+00
1.483081698417663574e+00 -1.300325274467468262e+00
-7.613573670387268066e-01 8.161026239395141602e-01
1.517843127250671387e+00 -1.104812741279602051e+00
1.363350868225097656e+00 -1.036363005638122559e+00
5.517004132270812988e-01 -4.039960801601409912e-01
1.456937670707702637e+00 -1.046144723892211914e+00
1.536877274513244629e+00 -1.150873422622680664e+00
-1.465702652931213379e+00 1.450709939002990723e+00
1.538021802902221680e+00 -1.189797282218933105e+00
1.530269384384155273e+00 -1.140884041786193848e+00
1.525719285011291504e+00 -1.155781269073486328e+00
1.533200740814208984e+00 -1.127316117286682129e+00
1.564419150352478027e+00 -1.200660705566406250e+00
1.541686892509460449e+00 -1.074646353721618652e+00
1.514280915260314941e+00 -1.097444891929626465e+00
1.537065386772155762e+00 -1.156268596649169922e+00
8.824791908264160156e-01 -6.164023280143737793e-01
1.539062023162841797e+00 -1.176899313926696777e+00
1.440261483192443848e+00 -1.022933840751647949e+00
1.511204004287719727e+00 -1.123619914054870605e+00
-3.672619163990020752e-01 6.249687075614929199e-01
-2.311814069747924805e+00 2.654660463333129883e+00
-1.656396031379699707e+00 1.702955603599548340e+00
-1.474323987960815430e+00 1.533875107765197754e+00
1.562721133232116699e+00 -1.101022481918334961e+00
-1.582009673118591309e+00 1.646556615829467773e+00
1.534898281097412109e+00 -1.165980100631713867e+00
1.571154832839965820e+00 -1.197072863578796387e+00
1.028601765632629395e+00 -1.162666916847229004e+00
1.575194597244262695e+00 -1.244222044944763184e+00
1.524659991264343262e+00 -1.154472589492797852e+00
1.510765433311462402e+00 -1.096468329429626465e+00
1.543540000915527344e+00 -1.201375126838684082e+00
1.535883784294128418e+00 -1.147987961769104004e+00
1.520701646804809570e+00 -1.073742508888244629e+00
1.545041918754577637e+00 -1.171514391899108887e+00
1.446884393692016602e+00 -1.062498331069946289e+00
1.469863533973693848e+00 -1.080046176910400391e+00
1.531314611434936523e+00 -1.103282213211059570e+00
1.550160288810729980e+00 -1.184290885925292969e+00
1.456282258033752441e+00 -1.050641894340515137e+00
1.512139678001403809e+00 -1.067133784294128418e+00
-1.423860907554626465e+00 1.474565863609313965e+00
1.439432144165039062e+00 -1.044566631317138672e+00
