-2.475567340850830078e+00 3.247620105743408203e+00
-2.502527713775634766e+00 3.275563716888427734e+00
-2.546693325042724609e+00 3.233099937438964844e+00
-2.235678434371948242e+00 2.511415004730224609e+00
1.305057048797607422e+00 -1.067342162132263184e+00
-2.538835048675537109e+00 3.204075098037719727e+00
1.300754666328430176e+00 -1.036344289779663086e+00
-2.525393247604370117e+00 3.182289600372314453e+00
1.271387457847595215e+00 -1.055850744247436523e+00
-2.473110914230346680e+00 3.282332897186279297e+00
-2.504765987396240234e+00 3.281953334808349609e+00
-2.543899059295654297e+00 3.206835746765136719e+00
-2.511003971099853516e+00 2.789069652557373047e+00
-1.290644168853759766e+00 1.303709506988525391e+00
-2.251179456710815430e+00 2.429347276687622070e+00
-2.552831411361694336e+00 2.952633142471313477e+00
-4.404741525650024414e-01 5.623608827590942383e-01
-2.480092048645019531e+00 3.236621856689453125e+00
-1.112027406692504883e+00 1.164083242416381836e+00
1.294602036476135254e+00 -1.050356388092041016e+00
-2.587529659271240234e+00 3.077604770660400391e+00
-2.493502616882324219e+00 3.228261947631835938e+00
1.326789855957031250e+00 -1.029119014739990234e+00
-2.121990680694580078e+00 2.310221672058105469e+00
-2.539707660675048828e+00 3.253521919250488281e+00
-1.444756150245666504e+00 1.504117250442504883e+00
-1.417855978012084961e+00 1.408765077590942383e+00
-2.444644212722778320e+00 3.277939319610595703e+00
-1.620288968086242676e+00 1.627642631530761719e+00
-2.538876533508300781e+00 3.232974767684936523e+00
-2.516321420669555664e+00 2.851763010025024414e+00
-2.581305027008056641e+00 3.077974557876586914e+00
-7.639940977096557617e-01 8.081203699111938477e-01
-1.517478585243225098e+00 1.520978808403015137e+00
-2.474975347518920898e+00 3.258010864257812500e+00
-2.484503746032714844e+00 3.210804939270019531e+00
-1.533179640769958496e+00 1.520718097686767578e+00
-2.528740882873535156e+00 3.202483892440795898e+00
-2.558496475219726562e+00 3.204989433288574219e+00
-1.071875929832458496e+00 1.033631563186645508e+00
-2.584151744842529297e+00 3.115369081497192383e+00
1.309388160705566406e+00 -1.022884845733642578e+00
-1.608976364135742188e+00 1.597547888755798340e+00
-2.529185056686401367e+00 3.293092727661132812e+00
-1.880148410797119141e+00 1.995747089385986328e+00
-1.922439575195312500e+00 2.023727893829345703e+00
-1.372425556182861328e+00 1.494082450866699219e+00
-2.517551660537719727e+00 3.175388336181640625e+00
-2.521444082260131836e+00 2.955819845199584961e+00
-2.559787750244140625e+00 3.118369817733764648e+00
1.313628077507019043e+00 -1.076421380043029785e+00
1.294252753257751465e+00 -1.017115235328674316e+00
1.415170192718505859e+00 -1.129860162734985352e+00
1.287907481193542480e+00 -1.048651933670043945e+00
1.341063737869262695e+00 -1.039530277252197266e+00
-1.298743009567260742e+00 1.298914313316345215e+00
1.499265909194946289e+00 -1.261780500411987305e+00
-3.158699870109558105e-01 4.350354969501495361e-01
1.341214418411254883e+00 -1.055625081062316895e+00
-1.893775939941406250e+00 2.107081174850463867e+00
1.004546642303466797e+00 -1.068382978439331055e+00
1.297540903091430664e+00 -1.023353099822998047e+00
1.390907287597656250e+00 -1.097689628601074219e+00
-1.425666093826293945e+00 1.385647773742675781e+00
1.407955646514892578e+00 -1.132378935813903809e+00
1.334804296493530273e+00 -1.072705030441284180e+00
1.371164083480834961e+00 -1.102032542228698730e+00
1.377206087112426758e+00 -1.072918057441711426e+00
1.456753492355346680e+00 -1.140721082687377930e+00
1.466948986053466797e+00 -1.007374644279479980e+00
1.332970499992370605e+00 -1.045784473419189453e+00
1.380278348922729492e+00 -1.070828795433044434e+00
-5.967061519622802734e-01 9.091749191284179688e-01
1.362446784973144531e+00 -1.096156954765319824e+00
-1.536972761154174805e+00 1.567034721374511719e+00
1.309382081031799316e+00 -1.070680618286132812e+00
-1.724089123308658600e-02 4.339388608932495117e-01
-2.539639472961425781e+00 3.070376396179199219e+00
-1.823042392730712891e+00 1.904094219207763672e+00
-1.523389935493469238e+00 1.592755198478698730e+00
1.465014457702636719e+00 -1.043496131896972656e+00
-1.571496486663818359e+00 1.630095481872558594e+00
1.388710975646972656e+00 -1.105600953102111816e+00
1.466245889663696289e+00 -1.135258316993713379e+00
1.330686330795288086e+00 -1.212594151496887207e+00
1.471473097801208496e+00 -1.176738500595092773e+00
1.362995862960815430e+00 -1.096055507659912109e+00
1.305688142776489258e+00 -1.050628423690795898e+00
1.426306366920471191e+00 -1.150705099105834961e+00
1.440135955810546875e+00 -1.110892534255981445e+00
1.376463770866394043e+00 -1.034213423728942871e+00
1.400764465332031250e+00 -1.105687141418457031e+00
1.215792417526245117e+00 -1.041857600212097168e+00
1.241042375564575195e+00 -1.053025603294372559e+00
1.457246541976928711e+00 -1.046138525009155273e+00
1.427035450935363770e+00 -1.119573950767517090e+00
1.285612344741821289e+00 -1.028663277626037598e+00
1.310621261596679688e+00 -9.898325204849243164e-01
-1.271646738052368164e+00 1.359957933425903320e+00
1.254703283309936523e+00 -1.021650314331054688e+00
