-2.557752609252929688e+00 3.327513456344604492e+00
-2.586913347244262695e+00 3.352963924407958984e+00
-2.618819952011108398e+00 3.316429853439331055e+00
-2.463605880737304688e+00 2.804558038711547852e+00
1.481292963027954102e+00 -1.193171977996826172e+00
-2.605540513992309570e+00 3.290506839752197266e+00
1.446120977401733398e+00 -1.132653951644897461e+00
-2.592554330825805664e+00 3.266084432601928711e+00
1.460014104843139648e+00 -1.161957263946533203e+00
-2.567680597305297852e+00 3.363903045654296875e+00
-2.581832647323608398e+00 3.359358072280883789e+00
-2.612520694732666016e+00 3.291341066360473633e+00
-2.602459430694580078e+00 2.919307470321655273e+00
-1.191217303276062012e+00 1.203225612640380859e+00
-2.489324092864990234e+00 2.717324495315551758e+00
-2.604357004165649414e+00 3.034474134445190430e+00
-3.317551910877227783e-01 4.553530812263488770e-01
-2.559166193008422852e+00 3.322271108627319336e+00
-1.041627287864685059e+00 1.080101847648620605e+00
1.460004925727844238e+00 -1.144526720046997070e+00
-2.636623144149780273e+00 3.124477148056030273e+00
-2.579735279083251953e+00 3.311707496643066406e+00
1.446777701377868652e+00 -1.121643304824829102e+00
-2.094261646270751953e+00 2.269840955734252930e+00
-2.614403247833251953e+00 3.336336851119995117e+00
-1.477136135101318359e+00 1.545027613639831543e+00
-1.219496607780456543e+00 1.235077261924743652e+00
-2.546971082687377930e+00 3.363903760910034180e+00
-1.619414925575256348e+00 1.618794441223144531e+00
-2.608245134353637695e+00 3.310303449630737305e+00
-2.592555761337280273e+00 2.971018314361572266e+00
-2.640785694122314453e+00 3.183567523956298828e+00
-7.325652837753295898e-01 7.909389734268188477e-01
-1.475267648696899414e+00 1.473957896232604980e+00
-2.567723989486694336e+00 3.342013597488403320e+00
-2.564283609390258789e+00 3.298329114913940430e+00
-1.448679447174072266e+00 1.444612264633178711e+00
-2.582902431488037109e+00 3.280265569686889648e+00
-2.626998186111450195e+00 3.284081697463989258e+00
-8.723415136337280273e-01 8.733485341072082520e-01
-2.633542299270629883e+00 3.210457801818847656e+00
1.378327727317810059e+00 -1.047136664390563965e+00
-1.525604844093322754e+00 1.494425058364868164e+00
-2.604008913040161133e+00 3.371870279312133789e+00
-1.767373204231262207e+00 1.878844976425170898e+00
-1.859650135040283203e+00 1.927815437316894531e+00
-1.239675641059875488e+00 1.369471788406372070e+00
-2.571760892868041992e+00 3.251439809799194336e+00
-2.565007448196411133e+00 3.008415937423706055e+00
-2.617228269577026367e+00 3.207025289535522461e+00
1.500942826271057129e+00 -1.227578043937683105e+00
1.350847125053405762e+00 -1.033210158348083496e+00
1.548813104629516602e+00 -1.315737366676330566e+00
1.414622783660888672e+00 -1.115585803985595703e+00
1.459282159805297852e+00 -1.094947338104248047e+00
-1.324684619903564453e+00 1.307153224945068359e+00
1.540847182273864746e+00 -1.278658390045166016e+00
-1.255012601613998413e-01 2.706645727157592773e-01
1.507467031478881836e+00 -1.171974062919616699e+00
-1.918279647827148438e+00 2.110541105270385742e+00
1.445854425430297852e+00 -1.056439161300659180e+00
1.322802305221557617e+00 -1.032070398330688477e+00
1.557253003120422363e+00 -1.283120632171630859e+00
-1.367637395858764648e+00 1.314062476158142090e+00
1.559578537940979004e+00 -1.316426992416381836e+00
1.518606305122375488e+00 -1.233618855476379395e+00
1.533918261528015137e+00 -1.287099719047546387e+00
1.546042203903198242e+00 -1.224829435348510742e+00
1.596541762351989746e+00 -1.325212478637695312e+00
1.464420318603515625e+00 -1.011228561401367188e+00
1.471662998199462891e+00 -1.127541422843933105e+00
1.525248765945434570e+00 -1.247471570968627930e+00
8.148732185363769531e-01 -7.858380675315856934e-01
1.525529861450195312e+00 -1.262452244758605957e+00
1.326677918434143066e+00 -1.004241466522216797e+00
1.485164642333984375e+00 -1.201447010040283203e+00
1.510146111249923706e-01 -9.594631195068359375e-02
-2.591756105422973633e+00 3.120837688446044922e+00
-1.858004570007324219e+00 1.943096876144409180e+00
-1.536117076873779297e+00 1.602696180343627930e+00
1.472075700759887695e+00 -1.063727378845214844e+00
-1.585686087608337402e+00 1.649873971939086914e+00
1.543154954910278320e+00 -1.292315006256103516e+00
1.606739282608032227e+00 -1.318246245384216309e+00
1.451949357986450195e+00 -1.038089275360107422e+00
1.613787889480590820e+00 -1.361090540885925293e+00
1.524071931838989258e+00 -1.268469810485839844e+00
1.461655616760253906e+00 -1.144318103790283203e+00
1.567848563194274902e+00 -1.328444957733154297e+00
1.547466516494750977e+00 -1.224966049194335938e+00
1.482811927795410156e+00 -1.084687113761901855e+00
1.557785630226135254e+00 -1.290959715843200684e+00
1.290697097778320312e+00 -1.058046340942382812e+00
1.388839244842529297e+00 -1.118580818176269531e+00
1.335356235504150391e+00 -1.029224991798400879e+00
1.582431435585021973e+00 -1.301713705062866211e+00
1.331615090370178223e+00 -1.039903879165649414e+00
1.448384523391723633e+00 -1.074992299079895020e+00
-1.206547260284423828e+00 1.315052747726440430e+00
1.279839992523193359e+00 -1.027746558189392090e+00
