0	0
1	0
2	1
3	1
4	1
5	1
6	0
7	0
8	1
9	0
10	0
11	0
12	0
13	0
14	0
15	1
16	1
17	0
18	0
19	0
20	1
21	0
22	0
23	1
24	1
25	0
26	0
27	0
28	1
29	1
30	0
31	1
32	1
33	1
34	1
35	0
36	0
37	0
38	1
39	0
40	1
41	0
42	1
43	1
44	0
45	1
46	0
47	0
48	0
49	0
50	1
51	0
52	0
53	0
54	0
55	0
56	0
57	1
58	0
59	0
60	0
61	1
62	0
63	0
64	0
65	0
66	1
67	0
68	0
69	0
70	1
71	0
72	0
73	0
74	0
75	0
76	1
77	0
78	0
79	0
80	1
81	1
82	0
83	0
84	0
85	0
86	0
87	0
88	0
89	0
90	1
91	0
92	0
93	0
94	0
95	1
96	0
97	1
98	0
99	1
100	0
101	0
102	0
103	0
104	0
105	0
106	1
107	0
108	0
109	0
110	0
111	0
112	0
113	0
114	0
115	1
116	0
117	0
118	1
119	0
120	1
121	0
122	0
123	0
124	0
125	1
126	0
127	1
128	1
129	0
130	1
131	0
132	0
133	0
134	0
135	1
136	0
137	0
138	0
139	0
140	0
141	1
142	1
143	0
144	0
145	0
146	0
147	0
148	0
149	0
150	0
151	0
152	0
153	1
154	0
155	0
156	1
157	0
158	0
159	0
160	0
161	0
162	0
163	0
164	0
165	1
166	1
167	1
168	1
169	0
170	0
171	1
172	0
173	0
174	0
175	0
176	0
177	1
178	0
179	1
180	0
181	0
182	0
183	0
184	0
185	0
186	0
187	0
188	0
189	0
190	1
191	1
192	1
193	0
194	0
195	1
196	1
197	1
198	0
199	0
200	0
201	1
202	0
203	0
204	0
205	1
206	0
207	0
208	0
209	1
210	0
211	1
212	1
213	0
214	1
215	1
216	0
217	1
218	1
219	1
220	0
221	1
222	0
223	0
224	0
225	0
226	0
227	1
228	0
229	0
230	0
231	1
232	0
233	0
234	0
235	0
236	1
237	0
238	0
239	0
240	0
241	0
242	0
243	1
244	1
245	0
246	1
247	0
248	0
249	1
250	0
251	0
252	1
253	0
254	0
255	1
256	0
257	0
258	0
259	0
260	0
261	0
262	0
263	0
264	0
265	0
266	0
267	0
268	1
269	0
270	0
271	0
272	1
273	1
274	0
275	0
276	0
277	1
278	0
279	0
280	1
281	0
282	0
283	0
284	1
285	0
286	0
287	0
288	0
289	0
290	1
291	0
292	0
293	0
294	0
295	1
296	0
297	0
298	0
299	1
300	0
301	0
302	1
303	1
304	0
305	0
306	0
307	1
308	0
309	0
310	0
311	0
312	0
313	0
314	0
315	0
316	0
317	0
318	1
319	0
320	0
321	0
322	0
323	0
324	0
325	1
326	0
327	0
328	0
329	1
330	0
331	0
332	0
333	0
334	0
335	0
336	0
337	0
338	1
339	1
340	0
341	0
342	1
343	0
344	1
345	0
346	0
347	0
348	1
349	1
350	0
351	1
352	0
353	0
354	0
355	1
356	0
357	1
358	0
359	1
360	0
361	0
362	0
363	0
364	0
365	0
366	1
367	0
368	0
369	0
370	0
371	1
372	0
373	0
374	0
375	0
376	1
377	0
378	0
379	1
380	0
381	0
382	0
383	1
384	0
385	0
386	0
387	0
388	1
389	0
390	0
391	1
392	0
393	0
394	0
395	0
396	0
397	0
398	0
399	0
400	1
401	0
402	0
403	0
404	1
405	1
406	0
407	1
408	0
409	0
410	0
411	0
412	0
413	0
414	0
415	0
416	1
417	0
418	0
419	1
420	0
421	1
422	0
423	0
424	0
425	0
426	0
427	0
428	0
429	0
430	0
431	1
432	0
433	1
434	0
435	0
436	0
437	0
438	0
439	0
440	0
441	0
442	0
443	0
444	1
445	0
446	0
447	0
448	0
449	0
450	0
451	1
452	1
453	1
454	1
455	0
456	0
457	0
458	1
459	1
460	0
461	1
462	0
463	0
464	0
465	0
466	1
467	0
468	1
469	0
470	0
471	1
472	0
473	0
474	1
475	0
476	0
477	0
478	0
479	0
480	0
481	0
482	1
483	0
484	0
485	1
486	0
487	0
488	0
489	0
490	0
491	0
492	0
493	0
494	0
495	0
496	1
497	1
498	0
499	1
500	0
501	1
502	1
503	0
504	0
505	0
506	0
507	0
508	0
509	0
510	0
511	0
512	0
513	0
514	0
515	0
516	1
517	1
518	0
519	0
520	0
521	0
522	0
523	1
524	0
525	0
526	1
527	0
528	1
529	0
530	0
531	1
532	1
533	0
534	0
535	0
536	0
537	0
538	1
539	0
540	1
541	0
542	0
543	1
544	0
545	0
546	1
547	0
548	1
549	0
550	1
551	1
552	0
553	0
554	0
555	0
556	1
557	0
558	0
559	0
560	0
561	0
562	1
563	0
564	0
565	0
566	0
567	1
568	1
569	0
570	0
571	0
572	0
573	1
574	1
575	0
576	1
577	0
578	1
579	0
580	1
581	1
582	0
583	0
584	0
585	0
586	0
587	1
588	0
589	0
590	0
591	1
592	0
593	0
594	0
595	0
596	0
597	0
598	0
599	0
600	0
601	0
602	0
603	0
604	0
605	0
606	1
607	0
608	1
609	0
610	0
611	1
612	1
613	0
614	0
615	1
616	0
617	0
618	0
619	0
620	0
621	0
622	1
623	0
624	1
625	0
626	0
627	1
628	0
629	0
630	0
631	0
632	0
633	0
634	0
635	0
636	1
637	0
638	1
639	0
640	0
641	0
642	0
643	0
644	0
645	0
646	0
647	0
648	1
649	0
650	0
651	1
652	0
653	0
654	0
655	0
656	0
657	0
658	0
659	0
660	0
661	0
662	1
663	1
664	1
665	0
666	0
667	1
668	0
669	0
670	0
671	0
672	0
673	0
674	0
675	1
676	1
677	0
678	0
679	1
680	0
681	1
682	0
683	1
684	0
685	1
686	0
687	0
688	0
689	0
690	1
691	0
692	0
693	1
694	0
695	0
696	0
697	1
698	0
699	0
700	0
701	0
702	0
703	0
704	1
705	1
706	0
707	0
708	0
709	1
710	0
711	1
712	1
713	0
714	0
715	0
716	0
717	0
718	1
719	0
720	1
721	0
722	0
723	0
724	0
725	0
726	1
727	0
728	1
729	0
730	1
731	1
732	1
733	1
734	0
735	0
736	0
737	0
738	1
739	0
740	0
741	0
742	0
743	0
744	0
745	1
746	0
747	1
748	1
749	0
750	1
751	0
752	0
753	0
754	1
755	1
756	1
757	1
758	1
759	0
760	0
761	1
762	0
763	0
764	1
765	1
766	0
767	1
768	0
769	0
770	0
771	1
772	0
773	0
774	0
775	1
776	0
777	0
778	0
779	1
780	0
781	0
782	0
783	0
784	0
785	0
786	1
787	0
788	1
789	0
790	0
791	0
792	0
793	0
794	1
795	0
796	0
797	0
798	0
799	1
800	0
801	0
802	1
803	0
804	0
805	0
806	0
807	0
808	0
809	1
810	0
811	0
812	0
813	0
814	0
815	0
816	1
817	0
818	0
819	1
820	0
821	0
822	0
823	0
824	1
825	0
826	1
827	0
828	0
829	0
830	0
831	0
832	0
833	0
834	0
835	1
836	1
837	0
838	0
839	0
840	0
841	1
842	1
843	1
844	0
845	0
846	0
847	0
848	1
849	0
850	0
851	0
852	0
853	0
854	0
855	0
856	0
857	1
858	0
859	0
860	1
861	0
862	0
863	0
864	0
865	0
866	0
867	0
868	1
869	0
870	0
871	0
872	0
873	1
874	0
875	1
876	1
877	1
878	0
879	0
880	0
881	1
882	0
883	1
884	0
885	0
886	0
887	0
888	1
889	0
890	0
891	1
892	1
893	0
894	0
895	0
896	0
897	0
898	1
899	1
900	0
901	0
902	0
903	1
904	0
905	1
906	0
907	0
908	0
909	0
910	1
911	0
912	0
913	1
914	0
915	0
916	1
917	1
918	1
919	0
920	0
921	1
922	1
923	0
924	0
925	1
926	0
927	0
928	0
929	0
930	1
931	0
932	1
933	1
934	0
935	1
936	0
937	0
938	1
939	0
940	0
941	1
942	0
943	0
944	1
945	1
946	0
947	0
948	1
949	0
950	0
951	0
952	0
953	0
954	0
955	0
956	0
957	1
958	0
959	0
960	0
961	1
962	1
963	0
964	1
965	0
966	1
967	0
968	1
969	0
970	0
971	0
972	0
973	1
974	0
975	0
976	1
977	0
978	0
979	1
980	0
981	0
982	1
983	0
984	0
985	0
986	1
987	0
988	0
989	0
990	1
991	0
992	0
993	0
994	0
995	1
996	1
997	0
998	0
999	0
1000	0
1001	0
1002	1
1003	0
1004	1
1005	0
1006	0
1007	0
1008	1
1009	1
1010	0
1011	0
1012	0
1013	0
1014	0
1015	0
1016	0
1017	0
1018	1
1019	1
1020	1
1021	0
1022	1
1023	0
1024	1
1025	0
1026	0
1027	1
1028	0
1029	0
1030	0
1031	1
1032	0
1033	1
1034	0
1035	0
1036	0
1037	0
1038	0
1039	0
1040	1
1041	0
1042	0
1043	0
1044	1
1045	0
1046	1
1047	1
1048	0
1049	1
1050	0
1051	1
1052	0
1053	0
1054	0
1055	0
1056	0
1057	0
1058	1
1059	0
1060	0
1061	0
1062	0
1063	0
1064	1
1065	0
1066	0
1067	0
1068	1
1069	0
1070	0
1071	0
1072	1
1073	0
1074	0
1075	0
1076	1
1077	0
1078	0
1079	0
1080	0
1081	0
1082	0
1083	0
1084	1
1085	0
1086	0
1087	1
1088	0
1089	0
1090	1
1091	0
1092	0
1093	0
1094	1
1095	1
1096	0
1097	1
1098	1
1099	1
1100	0
1101	0
1102	0
1103	0
1104	0
1105	0
1106	0
1107	0
1108	0
1109	1
1110	0
1111	1
1112	0
1113	0
1114	0
1115	0
1116	0
1117	0
1118	1
1119	0
1120	0
1121	0
1122	0
1123	1
1124	1
1125	0
1126	0
1127	1
1128	0
1129	0
1130	1
1131	0
1132	0
1133	1
1134	0
1135	0
1136	0
1137	0
1138	0
1139	0
1140	0
1141	0
1142	0
1143	0
1144	1
1145	0
1146	0
1147	0
1148	0
1149	1
1150	0
1151	1
1152	0
1153	0
1154	0
1155	0
1156	0
1157	0
1158	1
1159	0
1160	0
1161	0
1162	0
1163	0
1164	0
1165	1
1166	1
1167	0
1168	0
1169	0
1170	0
1171	0
1172	1
1173	1
1174	0
1175	0
1176	0
1177	1
1178	1
1179	1
1180	0
1181	0
1182	0
1183	0
1184	1
1185	1
1186	0
1187	0
1188	0
1189	0
1190	0
1191	1
1192	0
1193	0
1194	0
1195	0
1196	0
1197	1
1198	0
1199	0
1200	1
1201	0
1202	0
1203	0
1204	0
1205	0
1206	0
1207	0
1208	0
1209	0
1210	0
1211	0
1212	0
1213	0
1214	0
1215	0
1216	1
1217	0
1218	1
1219	0
1220	1
1221	0
1222	0
1223	1
1224	1
1225	1
1226	1
1227	1
1228	0
1229	0
1230	0
1231	1
1232	0
1233	0
1234	0
1235	0
1236	1
1237	0
1238	0
1239	1
1240	1
1241	0
1242	1
1243	0
1244	1
1245	0
1246	0
1247	0
1248	0
1249	1
1250	0
1251	0
1252	0
1253	0
1254	0
1255	0
1256	0
1257	0
1258	1
1259	0
1260	0
1261	0
1262	0
1263	0
1264	0
1265	1
1266	0
1267	0
1268	0
1269	0
1270	0
1271	1
1272	1
1273	0
1274	0
1275	0
1276	0
1277	0
1278	1
1279	0
1280	0
1281	0
1282	0
1283	0
1284	0
1285	0
1286	0
1287	1
1288	0
1289	0
1290	0
1291	1
1292	0
1293	0
1294	0
1295	0
1296	0
1297	0
1298	0
1299	0
1300	1
1301	0
1302	1
1303	1
1304	0
1305	0
1306	0
1307	0
1308	0
1309	0
1310	0
1311	0
1312	0
1313	1
1314	1
1315	1
1316	0
1317	1
1318	0
1319	0
1320	0
1321	1
1322	1
1323	0
1324	0
1325	0
1326	0
1327	0
1328	0
1329	1
1330	0
1331	0
1332	0
1333	1
1334	1
1335	0
1336	0
1337	0
1338	0
1339	0
1340	0
1341	0
1342	1
1343	0
1344	0
1345	0
1346	1
1347	1
1348	0
1349	0
1350	0
1351	0
1352	0
1353	0
1354	1
1355	0
1356	1
1357	1
1358	1
1359	0
1360	0
1361	0
1362	0
1363	0
1364	1
1365	1
1366	1
1367	0
1368	0
1369	0
1370	1
1371	0
1372	0
1373	0
1374	0
1375	0
1376	0
1377	0
1378	1
1379	0
1380	0
1381	1
1382	1
1383	0
1384	1
1385	1
1386	0
1387	0
1388	0
1389	0
1390	1
1391	0
1392	0
1393	0
1394	0
1395	0
1396	1
1397	0
1398	0
1399	0
1400	0
1401	0
1402	1
1403	0
1404	0
1405	1
1406	0
1407	0
1408	0
1409	0
1410	0
1411	0
1412	0
1413	0
1414	0
1415	0
1416	0
1417	0
1418	0
1419	0
1420	0
1421	0
1422	0
1423	1
1424	0
1425	0
1426	0
1427	0
1428	1
1429	0
1430	1
1431	0
1432	0
1433	0
1434	0
1435	1
1436	1
1437	0
1438	0
1439	0
1440	1
1441	1
1442	0
1443	1
1444	0
1445	0
1446	0
1447	1
1448	0
1449	0
1450	0
1451	1
1452	0
1453	1
1454	1
1455	0
1456	0
1457	0
1458	1
1459	1
1460	0
1461	0
1462	1
1463	1
1464	1
1465	0
1466	1
1467	1
1468	0
1469	1
1470	1
1471	0
1472	0
1473	0
1474	1
1475	0
1476	1
1477	0
1478	0
1479	0
1480	0
1481	0
1482	1
1483	1
1484	0
1485	0
1486	0
1487	1
1488	0
1489	0
1490	1
1491	1
1492	0
1493	0
1494	0
1495	1
1496	1
1497	0
1498	0
1499	0
1500	0
1501	0
1502	0
1503	0
1504	0
1505	0
1506	0
1507	0
1508	0
1509	0
1510	0
1511	0
1512	1
1513	1
1514	1
1515	0
1516	0
1517	1
1518	0
1519	1
1520	0
1521	0
1522	0
1523	1
1524	1
1525	1
1526	0
1527	0
1528	0
1529	0
1530	0
1531	0
1532	0
1533	1
1534	0
1535	1
1536	0
1537	1
1538	0
1539	0
1540	0
1541	1
1542	0
1543	1
1544	0
1545	0
1546	1
1547	1
1548	0
1549	0
1550	1
1551	1
1552	1
1553	1
1554	0
1555	0
1556	0
1557	0
1558	0
1559	0
1560	0
1561	0
1562	0
1563	1
1564	1
1565	1
1566	0
1567	1
1568	0
1569	1
1570	0
1571	0
1572	0
1573	0
1574	0
1575	0
1576	0
1577	0
1578	0
1579	1
1580	0
1581	1
1582	0
1583	0
1584	0
1585	0
1586	0
1587	1
1588	1
1589	0
1590	0
1591	0
1592	0
1593	0
1594	0
1595	0
1596	0
1597	1
1598	0
1599	0
1600	0
1601	0
1602	0
1603	0
1604	0
1605	0
1606	1
1607	0
1608	0
1609	0
1610	0
1611	1
1612	1
1613	0
1614	0
1615	0
1616	1
1617	1
1618	0
1619	0
1620	0
1621	0
1622	0
1623	0
1624	0
1625	1
1626	0
1627	0
1628	0
1629	0
1630	0
1631	1
1632	0
1633	0
1634	0
1635	0
1636	0
1637	0
1638	1
1639	0
1640	1
1641	0
1642	1
1643	0
1644	0
1645	0
1646	0
1647	0
1648	0
1649	1
1650	0
1651	0
1652	0
1653	0
1654	0
1655	0
1656	0
1657	0
1658	0
1659	0
1660	0
1661	0
1662	0
1663	0
1664	0
1665	0
1666	1
1667	0
1668	0
1669	0
1670	0
1671	0
1672	0
1673	0
1674	0
1675	0
1676	0
1677	1
1678	0
1679	0
1680	0
1681	1
1682	0
1683	0
1684	0
1685	0
1686	0
1687	0
1688	0
1689	0
1690	1
1691	0
1692	0
1693	0
1694	1
1695	0
1696	0
1697	0
1698	0
1699	0
1700	0
1701	1
1702	1
1703	0
1704	0
1705	0
1706	1
1707	0
1708	1
1709	0
1710	0
1711	0
1712	0
1713	1
1714	1
1715	0
1716	1
1717	0
1718	0
1719	0
1720	0
1721	0
1722	0
1723	0
1724	0
1725	0
1726	0
1727	0
1728	0
1729	0
1730	0
1731	1
1732	0
1733	0
1734	1
1735	1
1736	0
1737	0
1738	1
1739	1
1740	1
1741	0
1742	0
1743	0
1744	0
1745	0
1746	0
1747	0
1748	0
1749	0
1750	0
1751	0
1752	1
1753	0
1754	0
1755	0
1756	0
1757	1
1758	0
1759	0
1760	0
1761	0
1762	1
1763	0
1764	0
1765	0
1766	0
1767	0
1768	0
1769	1
1770	0
1771	0
1772	0
1773	0
1774	0
1775	0
1776	0
1777	0
1778	1
1779	0
1780	1
1781	0
1782	0
1783	0
1784	1
1785	0
1786	0
1787	0
1788	1
1789	1
1790	0
1791	0
1792	0
1793	1
1794	0
1795	1
1796	1
1797	1
1798	0
1799	1
1800	1
1801	0
1802	0
1803	1
1804	0
1805	1
1806	0
1807	1
1808	1
1809	0
1810	0
1811	0
1812	0
1813	1
1814	1
1815	0
1816	0
1817	1
1818	0
1819	0
1820	0
1821	0
1822	0
1823	0
1824	1
1825	0
1826	0
1827	0
1828	1
1829	0
1830	0
1831	1
1832	1
1833	0
1834	1
1835	0
1836	0
1837	0
1838	0
1839	0
1840	0
1841	0
1842	1
1843	0
1844	0
1845	0
1846	0
1847	1
1848	0
1849	0
1850	1
1851	0
1852	0
1853	0
1854	1
1855	0
1856	1
1857	0
1858	0
1859	0
1860	0
1861	0
1862	1
1863	0
1864	0
1865	0
1866	0
1867	0
1868	0
1869	0
1870	0
1871	1
1872	0
1873	0
1874	1
1875	0
1876	0
1877	0
1878	1
1879	0
1880	0
1881	0
1882	0
1883	0
1884	0
1885	0
1886	0
1887	0
1888	0
1889	0
1890	0
1891	0
1892	0
1893	0
1894	0
1895	0
1896	0
1897	0
1898	1
1899	0
1900	0
1901	1
1902	0
1903	1
1904	0
1905	0
1906	0
1907	1
1908	1
1909	0
1910	1
1911	0
1912	0
1913	0
1914	1
1915	0
1916	0
1917	1
1918	0
1919	0
1920	0
1921	0
1922	0
1923	1
1924	0
1925	0
1926	0
1927	0
1928	0
1929	0
1930	1
1931	0
1932	0
1933	0
1934	0
1935	0
1936	1
1937	1
1938	0
1939	0
1940	1
1941	0
1942	0
1943	0
1944	0
1945	0
1946	0
1947	1
1948	0
1949	0
1950	0
1951	0
1952	0
1953	0
1954	0
1955	0
1956	0
1957	0
1958	0
1959	0
1960	0
1961	1
1962	1
1963	0
1964	1
1965	1
1966	0
1967	0
1968	0
1969	0
1970	1
1971	0
1972	0
1973	1
1974	1
1975	1
1976	0
1977	0
1978	1
1979	1
1980	1
1981	1
1982	0
1983	0
1984	0
1985	0
1986	0
1987	0
1988	0
1989	1
1990	0
1991	1
1992	0
1993	0
1994	0
1995	0
1996	1
1997	0
1998	0
1999	0
2000	0
2001	1
2002	0
2003	1
2004	0
2005	0
2006	0
2007	0
2008	0
2009	0
2010	0
2011	0
2012	1
2013	0
2014	1
2015	0
2016	0
2017	1
2018	0
2019	0
2020	0
2021	1
2022	1
2023	0
2024	0
2025	0
2026	0
2027	0
2028	0
2029	0
2030	1
2031	0
2032	0
2033	0
2034	1
2035	0
2036	0
2037	0
2038	0
2039	0
2040	1
2041	0
2042	1
2043	0
2044	0
2045	1
2046	0
2047	0
2048	0
2049	0
2050	1
2051	1
2052	0
2053	0
2054	1
2055	0
2056	1
2057	1
2058	1
2059	0
2060	0
2061	1
2062	0
2063	0
2064	0
2065	0
2066	0
2067	0
2068	0
2069	1
2070	1
2071	1
2072	0
2073	0
2074	1
2075	0
2076	0
2077	0
2078	1
2079	1
2080	1
2081	0
2082	0
2083	0
2084	0
2085	0
2086	0
2087	1
2088	0
2089	0
2090	1
2091	1
2092	0
2093	0
2094	1
2095	0
2096	0
2097	1
2098	0
2099	0
2100	0
2101	0
2102	1
2103	0
2104	0
2105	1
2106	0
2107	0
2108	1
2109	0
2110	0
2111	0
2112	1
2113	0
2114	1
2115	0
2116	0
2117	1
2118	0
2119	0
2120	1
2121	0
2122	0
2123	0
2124	0
2125	0
2126	1
2127	1
2128	0
2129	0
2130	0
2131	0
2132	0
2133	1
2134	0
2135	0
2136	1
2137	0
2138	0
2139	0
2140	0
2141	1
2142	0
2143	0
2144	0
2145	0
2146	0
2147	0
2148	0
2149	0
2150	1
2151	0
2152	0
2153	1
2154	0
2155	0
2156	0
2157	1
2158	1
2159	1
2160	0
2161	0
2162	0
2163	0
2164	0
2165	0
2166	0
2167	0
2168	0
2169	0
2170	1
2171	1
2172	0
2173	0
2174	0
2175	0
2176	0
2177	0
2178	0
2179	1
2180	0
2181	1
2182	1
2183	0
2184	1
2185	0
2186	1
2187	1
2188	0
2189	0
2190	1
2191	0
2192	0
2193	0
2194	1
2195	1
2196	0
2197	1
2198	0
2199	1
2200	0
2201	1
2202	0
2203	1
2204	0
2205	0
2206	0
2207	0
2208	1
2209	0
2210	0
2211	0
2212	0
2213	1
2214	0
2215	1
2216	0
2217	0
2218	0
2219	1
2220	1
2221	0
2222	0
2223	1
2224	0
2225	0
2226	0
2227	0
2228	0
2229	0
2230	1
2231	1
2232	1
2233	0
2234	1
2235	0
2236	0
2237	0
2238	0
2239	0
2240	0
2241	0
2242	0
2243	0
2244	1
2245	1
2246	0
2247	0
2248	0
2249	0
2250	0
2251	0
2252	0
2253	0
2254	0
2255	0
2256	1
2257	0
2258	0
2259	0
2260	0
2261	1
2262	0
2263	0
2264	1
2265	0
2266	0
2267	0
2268	0
2269	1
2270	0
2271	0
2272	0
2273	0
2274	1
2275	0
2276	0
2277	1
2278	0
2279	0
2280	0
2281	1
2282	0
2283	0
2284	0
2285	0
2286	0
2287	0
2288	0
2289	1
2290	1
2291	0
2292	0
2293	0
2294	0
2295	0
2296	0
2297	0
2298	0
2299	0
2300	0
2301	0
2302	0
2303	0
2304	0
2305	0
2306	1
2307	0
2308	0
2309	1
2310	0
2311	1
2312	0
2313	0
2314	0
2315	1
2316	0
2317	0
2318	0
2319	0
2320	0
2321	0
2322	0
2323	0
2324	1
2325	0
2326	1
2327	0
2328	0
2329	0
2330	1
2331	0
2332	0
2333	0
2334	0
2335	0
2336	0
2337	1
2338	0
2339	1
2340	0
2341	0
2342	1
2343	1
2344	0
2345	1
2346	0
2347	0
2348	0
2349	0
2350	1
2351	0
2352	1
2353	1
2354	0
2355	0
2356	0
2357	0
2358	0
2359	1
2360	1
2361	0
2362	0
2363	0
2364	0
2365	0
2366	1
2367	0
2368	1
2369	0
2370	0
2371	0
2372	0
2373	0
2374	1
2375	0
2376	0
2377	1
2378	0
2379	0
2380	0
2381	0
2382	1
2383	0
2384	1
2385	0
2386	1
2387	1
2388	0
2389	1
2390	0
2391	0
2392	0
2393	0
2394	0
2395	1
2396	0
2397	0
2398	1
2399	1
2400	1
2401	1
2402	0
2403	0
2404	0
2405	1
2406	0
2407	0
2408	0
2409	0
2410	0
2411	0
2412	0
2413	0
2414	0
2415	0
2416	0
2417	0
2418	0
2419	0
2420	0
2421	0
2422	0
2423	0
2424	0
2425	0
2426	0
2427	0
2428	0
2429	0
2430	0
2431	0
2432	0
2433	0
2434	0
2435	0
2436	0
2437	0
2438	0
2439	0
2440	0
2441	1
2442	0
2443	1
2444	1
2445	0
2446	0
2447	1
2448	0
2449	0
2450	0
2451	0
2452	0
2453	0
2454	0
2455	0
2456	1
2457	0
2458	0
2459	1
2460	0
2461	0
2462	0
2463	0
2464	1
2465	0
2466	0
2467	1
2468	0
2469	1
2470	0
2471	0
2472	0
2473	0
2474	0
2475	0
2476	0
2477	0
2478	0
2479	1
2480	0
2481	0
2482	0
2483	0
2484	0
2485	0
2486	0
2487	0
2488	0
2489	1
2490	1
2491	0
2492	1
2493	0
2494	1
2495	1
2496	0
2497	0
2498	0
2499	0
2500	0
2501	1
2502	0
2503	1
2504	1
2505	0
2506	1
2507	0
2508	0
2509	1
2510	1
2511	0
2512	0
2513	0
2514	0
2515	1
2516	0
2517	0
2518	1
2519	0
2520	0
2521	0
2522	0
2523	1
2524	0
2525	1
2526	0
2527	0
2528	0
2529	0
2530	0
2531	1
2532	0
2533	0
2534	0
2535	1
2536	0
2537	0
2538	0
2539	0
2540	0
2541	0
2542	0
2543	0
2544	1
2545	0
2546	0
2547	0
2548	1
2549	0
2550	0
2551	0
2552	0
2553	1
2554	1
2555	0
2556	0
2557	0
2558	0
2559	1
2560	0
2561	0
2562	0
2563	0
2564	1
2565	1
2566	1
2567	0
2568	1
2569	0
2570	1
2571	0
2572	0
2573	1
2574	0
2575	0
2576	1
2577	0
2578	1
2579	0
2580	0
2581	0
2582	1
2583	0
2584	0
2585	0
2586	0
2587	0
2588	1
2589	0
2590	1
2591	0
2592	0
2593	0
2594	0
2595	1
2596	1
2597	0
2598	0
2599	0
2600	0
2601	0
2602	0
2603	1
2604	0
2605	1
2606	0
2607	1
2608	1
2609	1
2610	0
2611	0
2612	1
2613	0
2614	1
2615	0
2616	1
2617	0
2618	0
2619	0
2620	1
2621	0
2622	0
2623	0
2624	0
2625	1
2626	1
2627	1
2628	0
2629	0
2630	1
2631	0
2632	0
2633	0
2634	0
2635	1
2636	1
2637	1
2638	0
2639	0
2640	0
2641	0
2642	0
2643	0
2644	0
2645	1
2646	0
2647	0
2648	0
2649	0
2650	0
2651	1
2652	1
2653	0
2654	0
2655	0
2656	0
2657	1
2658	0
2659	0
2660	0
2661	0
2662	0
2663	0
2664	1
2665	0
2666	0
2667	0
2668	0
2669	0
2670	0
2671	0
2672	1
2673	0
2674	0
2675	0
2676	1
2677	0
2678	1
2679	0
2680	0
2681	0
2682	0
2683	1
2684	0
2685	0
2686	0
2687	1
2688	0
2689	0
2690	0
2691	0
2692	0
2693	1
2694	1
2695	0
2696	0
2697	0
2698	0
2699	0
2700	0
2701	1
2702	1
2703	0
2704	1
2705	0
2706	1
2707	1
2708	0
2709	0
2710	1
2711	0
2712	0
2713	0
2714	1
2715	0
2716	0
2717	0
2718	0
2719	0
2720	0
2721	1
2722	0
2723	1
2724	0
2725	0
2726	0
2727	0
2728	0
2729	1
2730	1
2731	0
2732	0
2733	0
2734	0
2735	0
2736	0
2737	0
2738	0
2739	0
2740	1
2741	0
2742	0
2743	0
2744	0
2745	0
2746	1
2747	0
2748	0
2749	0
2750	0
2751	1
2752	1
2753	0
2754	1
2755	0
2756	0
2757	1
2758	1
2759	0
2760	1
2761	0
2762	0
2763	0
2764	0
2765	0
2766	0
2767	0
2768	0
2769	0
2770	1
2771	0
2772	0
2773	0
2774	1
2775	0
2776	1
2777	1
2778	0
2779	0
2780	0
2781	0
2782	0
2783	1
2784	0
2785	1
2786	0
2787	0
2788	0
2789	0
2790	0
2791	0
2792	0
2793	1
2794	0
2795	0
2796	0
2797	0
2798	0
2799	0
2800	0
2801	0
2802	0
2803	1
2804	0
2805	0
2806	0
2807	0
2808	0
2809	1
2810	0
2811	1
2812	1
2813	1
2814	0
2815	0
2816	0
2817	0
2818	1
2819	0
2820	0
2821	0
2822	0
2823	0
2824	0
2825	0
2826	0
2827	1
2828	0
2829	1
2830	0
2831	0
2832	0
2833	0
2834	1
2835	0
2836	0
2837	0
2838	1
2839	0
2840	0
2841	1
2842	0
2843	0
2844	0
2845	0
2846	0
2847	1
2848	1
2849	0
2850	0
2851	0
2852	0
2853	1
2854	1
2855	0
2856	0
2857	0
2858	0
2859	0
2860	0
2861	0
2862	0
2863	0
2864	0
2865	1
2866	0
2867	0
2868	1
2869	0
2870	0
2871	0
2872	0
2873	0
2874	0
2875	1
2876	0
2877	0
2878	0
2879	0
2880	1
2881	0
2882	0
2883	0
2884	1
2885	1
2886	1
2887	0
2888	0
2889	0
2890	0
2891	0
2892	0
2893	0
2894	0
2895	0
2896	0
2897	1
2898	0
2899	0
2900	0
2901	0
2902	0
2903	1
2904	0
2905	0
2906	0
2907	0
2908	0
2909	0
2910	0
2911	1
2912	0
2913	1
2914	0
2915	0
2916	1
2917	1
2918	0
2919	0
2920	0
2921	0
2922	0
2923	1
2924	0
2925	0
2926	0
2927	0
2928	0
2929	0
2930	0
2931	0
2932	0
2933	0
2934	0
2935	0
2936	0
2937	1
2938	0
2939	0
2940	0
2941	1
2942	0
2943	1
2944	0
2945	0
2946	0
2947	1
2948	0
2949	0
2950	0
2951	0
2952	1
2953	1
2954	0
2955	0
2956	0
2957	0
2958	1
2959	0
2960	0
2961	0
2962	1
2963	0
2964	0
2965	0
2966	0
2967	0
2968	1
2969	0
2970	0
2971	0
2972	0
2973	0
2974	0
2975	0
2976	0
2977	0
2978	1
2979	0
2980	0
2981	0
2982	0
2983	0
2984	0
2985	1
2986	0
2987	0
2988	0
2989	0
2990	0
2991	0
2992	0
2993	0
2994	1
2995	1
2996	1
2997	0
2998	0
2999	0
3000	0
3001	0
3002	0
3003	1
3004	0
3005	1
3006	1
3007	0
3008	0
3009	0
3010	1
3011	1
3012	1
3013	1
3014	0
3015	0
3016	0
3017	0
3018	0
3019	0
3020	0
3021	1
3022	0
3023	0
3024	0
3025	0
3026	1
3027	1
3028	0
3029	0
3030	0
3031	1
3032	0
3033	0
3034	0
3035	0
3036	1
3037	1
3038	0
3039	0
3040	0
3041	0
3042	0
3043	1
3044	1
3045	1
3046	1
3047	0
3048	1
3049	0
3050	0
3051	1
3052	1
3053	0
3054	0
3055	0
3056	0
3057	0
3058	0
3059	0
3060	0
3061	0
3062	0
3063	0
3064	0
3065	0
3066	0
3067	0
3068	0
3069	0
3070	1
3071	1
3072	0
3073	1
3074	1
3075	1
3076	0
3077	1
3078	0
3079	1
3080	0
3081	0
3082	0
3083	1
3084	0
3085	0
3086	0
3087	0
3088	0
3089	0
3090	0
3091	0
3092	0
3093	1
3094	0
3095	1
3096	0
3097	0
3098	0
3099	0
3100	0
3101	0
3102	0
3103	0
3104	0
3105	0
3106	1
3107	1
3108	1
3109	1
3110	1
3111	0
3112	1
3113	1
3114	0
3115	0
3116	0
3117	0
3118	0
3119	0
3120	0
3121	1
3122	1
3123	0
3124	0
3125	0
3126	1
3127	0
3128	0
3129	0
3130	0
3131	0
3132	1
3133	0
3134	0
3135	1
3136	0
3137	0
3138	0
3139	0
3140	0
3141	0
3142	0
3143	0
3144	0
3145	1
3146	0
3147	0
3148	0
3149	1
3150	0
3151	0
3152	0
3153	0
3154	1
3155	0
3156	1
3157	0
3158	0
3159	0
3160	0
3161	0
3162	0
3163	1
3164	0
3165	0
3166	1
3167	1
3168	1
3169	1
3170	0
3171	0
3172	0
3173	0
3174	0
3175	0
3176	0
3177	0
3178	0
3179	0
3180	1
3181	0
3182	0
3183	0
3184	1
3185	1
3186	0
3187	0
3188	0
3189	1
3190	0
3191	1
3192	0
3193	0
3194	0
3195	0
3196	0
3197	0
3198	1
3199	0
3200	0
3201	1
3202	0
3203	0
3204	0
3205	1
3206	0
3207	0
3208	0
3209	0
3210	0
3211	1
3212	0
3213	0
3214	0
3215	1
3216	0
3217	0
3218	0
3219	0
3220	1
3221	1
3222	0
3223	1
3224	1
3225	1
3226	0
3227	0
3228	0
3229	1
3230	1
3231	0
3232	1
3233	0
3234	1
3235	0
3236	0
3237	0
3238	0
3239	0
3240	0
3241	0
3242	0
3243	0
3244	0
3245	1
3246	1
3247	0
3248	1
3249	0
3250	1
3251	0
3252	0
3253	0
3254	0
3255	0
3256	0
3257	1
3258	0
3259	0
3260	0
3261	0
3262	0
3263	0
3264	0
3265	0
3266	0
3267	0
3268	0
3269	0
3270	1
3271	0
3272	0
3273	1
3274	0
3275	1
3276	1
3277	0
3278	1
3279	0
3280	0
3281	0
3282	0
3283	1
3284	0
3285	0
3286	0
3287	0
3288	1
3289	1
3290	1
3291	0
3292	1
3293	1
3294	0
3295	0
3296	0
3297	0
3298	0
3299	0
3300	0
3301	0
3302	0
3303	1
3304	0
3305	1
3306	0
3307	1
3308	0
3309	0
3310	0
3311	0
3312	0
3313	0
3314	1
3315	1
3316	1
3317	0
3318	0
3319	0
3320	0
3321	0
3322	0
3323	0
3324	0
3325	0
3326	0
3327	1
3328	0
3329	0
3330	0
3331	0
3332	0
3333	1
3334	0
3335	1
3336	1
3337	0
3338	0
3339	0
3340	0
3341	1
3342	0
3343	0
3344	0
3345	1
3346	1
3347	1
3348	0
3349	0
3350	0
3351	0
3352	0
3353	0
3354	0
3355	0
3356	0
3357	0
3358	1
3359	0
3360	0
3361	0
3362	0
3363	0
3364	0
3365	0
3366	0
3367	1
3368	0
3369	0
3370	0
3371	0
3372	1
3373	0
3374	0
3375	0
3376	0
3377	0
3378	0
3379	0
3380	0
3381	1
3382	1
3383	1
3384	0
3385	0
3386	0
3387	1
3388	0
3389	0
3390	0
3391	1
3392	1
3393	0
3394	0
3395	1
3396	0
3397	1
3398	1
3399	0
3400	0
3401	0
3402	0
3403	0
3404	1
3405	0
3406	0
3407	1
3408	0
3409	1
3410	0
3411	1
3412	0
3413	1
3414	1
3415	1
3416	0
3417	0
3418	0
3419	0
3420	0
3421	0
3422	0
3423	0
3424	1
3425	1
3426	0
3427	0
3428	0
3429	0
3430	0
3431	0
3432	0
3433	1
3434	1
3435	1
3436	0
3437	0
3438	1
3439	1
3440	0
3441	0
3442	0
3443	1
3444	0
3445	0
3446	0
3447	0
3448	0
3449	0
3450	0
3451	0
3452	0
3453	0
3454	0
3455	0
3456	1
3457	0
3458	0
3459	1
3460	0
3461	0
3462	0
3463	0
3464	1
3465	0
3466	0
3467	0
3468	0
3469	0
3470	0
3471	0
3472	0
3473	0
3474	0
3475	0
3476	0
3477	1
3478	0
3479	0
3480	0
3481	1
3482	1
3483	0
3484	1
3485	0
3486	0
3487	0
3488	0
3489	0
3490	1
3491	0
3492	0
3493	0
3494	0
3495	1
3496	0
3497	1
3498	0
3499	1
3500	1
3501	1
3502	1
3503	0
3504	0
3505	0
3506	0
3507	1
3508	0
3509	0
3510	0
3511	0
3512	0
3513	1
3514	0
3515	1
3516	0
3517	0
3518	0
3519	0
3520	0
3521	0
3522	0
3523	0
3524	0
3525	0
3526	1
3527	1
3528	0
3529	1
3530	0
3531	0
3532	0
3533	0
3534	0
3535	0
3536	1
3537	1
3538	0
3539	0
3540	0
3541	0
3542	0
3543	0
3544	0
3545	1
3546	0
3547	0
3548	0
3549	0
3550	0
3551	1
3552	0
3553	0
3554	1
3555	0
3556	1
3557	1
3558	0
3559	0
3560	1
3561	0
3562	0
3563	0
3564	0
3565	0
3566	1
3567	0
3568	0
3569	0
3570	0
3571	1
3572	0
3573	0
3574	0
3575	0
3576	0
3577	0
3578	0
3579	1
3580	0
3581	0
3582	0
3583	1
3584	0
3585	1
3586	0
3587	1
3588	0
3589	1
3590	1
3591	0
3592	0
3593	0
3594	0
3595	1
3596	1
3597	0
3598	1
3599	0
3600	0
3601	0
3602	0
3603	0
3604	0
3605	0
3606	0
3607	0
3608	0
3609	1
3610	0
3611	1
3612	0
3613	0
3614	1
3615	0
3616	0
3617	1
3618	0
3619	1
3620	0
3621	0
3622	1
3623	1
3624	1
3625	0
3626	0
3627	0
3628	0
3629	0
3630	0
3631	1
3632	0
3633	0
3634	0
3635	0
3636	0
3637	0
3638	0
3639	1
3640	0
3641	1
3642	0
3643	0
3644	0
3645	0
3646	0
3647	0
3648	0
3649	1
3650	0
3651	0
3652	0
3653	1
3654	0
3655	0
3656	0
3657	0
3658	0
3659	0
3660	0
3661	1
3662	0
3663	0
3664	0
3665	0
3666	1
3667	0
3668	0
3669	0
3670	0
3671	0
3672	1
3673	0
3674	0
3675	0
3676	0
3677	1
3678	0
3679	0
3680	0
3681	0
3682	0
3683	0
3684	0
3685	1
3686	0
3687	0
3688	0
3689	0
3690	0
3691	0
3692	1
3693	0
3694	0
3695	0
3696	0
3697	0
3698	1
3699	0
3700	0
3701	0
3702	0
3703	1
3704	0
3705	0
3706	0
3707	0
3708	0
3709	1
3710	0
3711	0
3712	0
3713	1
3714	0
3715	1
3716	0
3717	0
3718	0
3719	1
3720	0
3721	0
3722	1
3723	1
3724	0
3725	0
3726	0
3727	0
3728	0
3729	1
3730	1
3731	0
3732	0
3733	1
3734	1
3735	1
3736	0
3737	0
3738	1
3739	0
3740	0
3741	1
3742	1
3743	1
3744	0
3745	0
3746	0
3747	0
3748	0
3749	0
3750	0
3751	0
3752	0
3753	0
3754	0
3755	0
3756	0
3757	0
3758	0
3759	0
3760	0
3761	0
3762	0
3763	0
3764	0
3765	0
3766	0
3767	1
3768	0
3769	0
3770	0
3771	1
3772	0
3773	0
3774	0
3775	1
3776	0
3777	1
3778	0
3779	0
3780	0
3781	0
3782	1
3783	0
3784	0
3785	0
3786	0
3787	0
3788	0
3789	0
3790	0
3791	1
3792	0
3793	0
3794	0
3795	1
3796	1
3797	0
3798	0
3799	0
3800	0
3801	0
3802	0
3803	0
3804	1
3805	0
3806	1
3807	0
3808	1
3809	0
3810	0
3811	0
3812	1
3813	1
3814	0
3815	0
3816	0
3817	0
3818	0
3819	1
3820	1
3821	0
3822	1
3823	0
3824	0
3825	0
3826	1
3827	0
3828	0
3829	1
3830	0
3831	0
3832	1
3833	1
3834	0
3835	0
3836	0
3837	1
3838	0
3839	0
3840	0
3841	0
3842	1
3843	0
3844	0
3845	1
3846	0
3847	0
3848	0
3849	1
3850	1
3851	1
3852	0
3853	1
3854	1
3855	0
3856	0
3857	1
3858	0
3859	0
3860	0
3861	0
3862	0
3863	0
3864	0
3865	1
3866	0
3867	0
3868	0
3869	1
3870	0
3871	0
3872	1
3873	0
3874	1
3875	0
3876	0
3877	0
3878	0
3879	0
3880	0
3881	0
3882	1
3883	0
3884	1
3885	0
3886	0
3887	0
3888	0
3889	0
3890	1
3891	1
3892	1
3893	1
3894	0
3895	0
3896	1
3897	1
3898	0
3899	0
3900	0
3901	0
3902	0
3903	0
3904	0
3905	0
3906	0
3907	0
3908	0
3909	0
3910	0
3911	0
3912	0
3913	1
3914	0
3915	0
3916	1
3917	0
3918	0
3919	0
3920	1
3921	0
3922	0
3923	0
3924	0
3925	1
3926	0
3927	0
3928	0
3929	1
3930	1
3931	1
3932	0
3933	1
3934	1
3935	0
3936	0
3937	1
3938	0
3939	0
3940	0
3941	0
3942	1
3943	0
3944	0
3945	0
3946	1
3947	1
3948	1
3949	0
3950	0
3951	0
3952	0
3953	0
3954	0
3955	0
3956	0
3957	0
3958	0
3959	0
3960	0
3961	1
3962	1
3963	0
3964	0
3965	1
3966	1
3967	0
3968	0
3969	0
3970	0
3971	1
3972	0
3973	0
3974	0
3975	0
3976	0
3977	1
3978	0
3979	0
3980	0
3981	1
3982	0
3983	0
3984	1
3985	0
3986	1
3987	1
3988	0
3989	1
3990	1
3991	0
3992	0
3993	0
3994	1
3995	0
3996	0
3997	0
3998	0
3999	1
4000	0
4001	0
4002	1
4003	0
4004	0
4005	0
4006	0
4007	0
4008	0
4009	1
4010	0
4011	0
4012	0
4013	1
4014	0
4015	1
4016	0
4017	0
4018	0
4019	0
4020	0
4021	0
4022	1
4023	0
4024	1
4025	1
4026	1
4027	0
4028	0
4029	0
4030	0
4031	0
4032	0
4033	1
4034	1
4035	1
4036	1
4037	1
4038	1
4039	0
4040	0
4041	0
4042	0
4043	0
4044	0
4045	0
4046	0
4047	0
4048	0
4049	1
4050	0
4051	0
4052	0
4053	0
4054	0
4055	1
4056	1
4057	0
4058	0
4059	0
4060	0
4061	0
4062	0
4063	1
4064	1
4065	0
4066	0
4067	0
4068	0
4069	1
4070	0
4071	1
4072	0
4073	0
4074	0
4075	1
4076	0
4077	0
4078	0
4079	0
4080	1
4081	0
4082	1
4083	0
4084	0
4085	0
4086	0
4087	1
4088	0
4089	1
4090	0
4091	0
4092	1
4093	0
4094	0
4095	0
4096	1
4097	0
4098	0
4099	0
4100	0
4101	0
4102	1
4103	0
4104	0
4105	1
4106	1
4107	0
4108	1
4109	1
4110	0
4111	0
4112	0
4113	1
4114	0
4115	0
4116	0
4117	0
4118	0
4119	0
4120	0
4121	0
4122	0
4123	0
4124	0
4125	0
4126	0
4127	0
4128	0
4129	1
4130	0
4131	0
4132	0
4133	0
4134	0
4135	0
4136	1
4137	0
4138	0
4139	0
4140	1
4141	0
4142	0
4143	1
4144	0
4145	0
4146	0
4147	0
4148	0
4149	1
4150	0
4151	0
4152	0
4153	1
4154	1
4155	1
4156	1
4157	1
4158	0
4159	0
4160	0
4161	0
4162	1
4163	0
4164	1
4165	0
4166	0
4167	0
4168	1
