0	0
1	1
2	1
3	1
4	0
5	0
6	0
7	1
8	0
9	0
10	1
11	1
12	0
13	0
14	1
15	0
16	1
17	0
18	0
19	0
20	1
21	0
22	1
23	1
24	1
25	1
26	1
27	1
28	1
29	1
30	0
31	1
32	1
33	1
34	1
35	1
36	1
37	1
38	0
39	1
40	0
41	1
42	0
43	1
44	0
45	0
46	1
47	1
48	1
49	1
50	1
51	0
52	0
53	1
54	1
55	1
56	1
57	1
58	0
59	1
60	1
61	1
62	1
63	1
64	0
65	0
66	1
67	1
68	0
69	0
70	0
71	1
72	1
73	1
74	1
75	0
76	1
77	0
78	1
79	0
80	1
81	0
82	0
83	0
84	0
85	1
86	1
87	0
88	0
89	1
90	0
91	0
92	1
93	1
94	1
95	1
96	1
97	0
98	1
99	0
100	1
101	0
102	0
103	1
104	0
105	1
106	1
107	0
108	1
109	1
110	1
111	1
112	0
113	1
114	0
115	1
116	1
117	1
118	1
119	1
120	1
121	1
122	0
123	1
124	1
125	1
126	1
127	0
128	1
129	0
130	0
131	1
132	1
133	0
134	0
135	1
136	1
137	0
138	1
139	0
140	1
141	1
142	0
143	1
144	1
145	1
146	1
147	1
148	1
149	1
150	1
151	1
152	1
153	1
154	1
155	1
156	1
157	1
158	1
159	0
160	0
161	1
162	1
163	1
164	1
165	0
166	1
167	1
168	0
169	0
170	1
171	1
172	1
173	1
174	0
175	1
176	0
177	1
178	1
179	1
180	1
181	1
182	1
183	0
184	0
185	1
186	1
187	1
188	0
189	1
190	1
191	0
192	1
193	1
194	1
195	1
196	0
197	1
198	1
199	1
200	1
201	1
202	1
203	0
204	1
205	1
206	1
207	0
208	1
209	1
210	1
211	1
212	0
213	1
214	1
215	1
216	1
217	0
218	1
219	0
220	1
221	0
222	1
223	1
224	0
225	1
226	0
227	1
228	0
229	1
230	1
231	1
232	0
233	1
234	0
235	0
236	1
237	0
238	1
239	1
240	1
241	0
242	1
243	0
244	1
245	0
246	1
247	1
248	1
249	1
250	1
251	0
252	1
253	1
254	0
255	1
256	1
257	1
258	1
259	1
260	1
261	1
262	0
263	1
264	1
265	0
266	0
267	1
268	0
269	1
270	0
271	1
272	1
273	1
274	1
275	1
276	1
277	1
278	1
279	1
280	1
281	0
282	1
283	1
284	1
285	0
286	1
287	0
288	1
289	0
290	0
291	0
292	1
293	1
294	1
295	1
296	0
297	0
298	0
299	1
300	0
301	1
302	1
303	1
304	1
305	1
306	0
307	1
308	0
309	1
310	1
311	1
312	1
313	0
314	1
315	1
316	1
317	1
318	1
319	1
320	1
321	1
322	1
323	1
324	1
325	1
326	1
327	1
328	0
329	0
330	1
331	1
332	1
333	1
334	0
335	0
336	1
337	1
338	0
339	0
340	1
341	0
342	1
343	1
344	1
345	0
346	1
347	1
348	1
349	1
350	0
351	1
352	1
353	1
354	0
355	0
356	1
357	1
358	1
359	1
360	0
361	1
362	1
363	1
364	1
365	0
366	0
367	1
368	1
369	0
370	0
371	1
372	1
373	1
374	1
375	1
376	1
377	1
378	1
379	1
380	1
381	0
382	0
383	1
384	1
385	1
386	1
387	1
388	0
389	1
390	0
391	0
392	1
393	0
394	1
395	1
396	1
397	1
398	1
399	1
400	1
401	1
402	0
403	1
404	1
405	1
406	0
407	1
408	0
409	1
410	1
411	1
412	1
413	1
414	1
415	0
416	0
417	1
418	1
419	1
420	1
421	1
422	0
423	0
424	1
425	1
426	0
427	1
428	1
429	1
430	1
431	1
432	1
433	1
434	0
435	0
436	1
437	0
438	0
439	0
440	1
441	1
442	1
443	0
444	0
445	1
446	1
447	1
448	1
449	1
450	1
451	0
452	1
453	1
454	0
455	1
456	1
457	1
458	1
459	1
460	1
461	0
462	1
463	0
464	0
465	0
466	1
467	1
468	1
469	1
470	0
471	1
472	1
473	1
474	0
475	1
476	1
477	1
478	1
479	1
480	1
481	1
482	0
483	0
484	1
485	1
486	1
487	1
488	1
489	1
490	1
491	0
492	1
493	1
494	1
495	1
496	0
497	1
498	0
499	1
500	1
501	1
502	1
503	1
504	1
505	1
506	0
507	1
508	1
509	1
510	0
511	1
512	1
513	1
514	1
515	0
516	1
517	1
518	0
519	1
520	1
521	1
522	0
523	1
524	1
525	1
526	1
527	0
528	0
529	1
530	1
531	1
532	1
533	1
534	1
535	1
536	0
537	0
538	0
539	1
540	1
541	0
542	0
543	1
544	0
545	1
546	1
547	0
548	1
549	0
550	1
551	0
552	1
553	1
554	1
555	0
556	1
557	1
558	1
559	1
560	1
561	1
562	0
563	1
564	1
565	1
566	0
567	0
568	1
569	1
570	1
571	1
572	1
573	0
574	0
575	0
576	0
577	1
578	0
579	1
580	1
581	1
582	1
583	1
584	0
585	1
586	1
587	1
588	0
589	1
590	1
591	1
592	1
593	1
594	0
595	0
596	0
597	1
598	1
599	1
600	1
601	1
602	1
603	0
604	0
605	1
606	1
607	0
608	0
609	1
610	0
611	1
612	1
613	0
614	0
615	0
616	1
617	1
618	0
619	1
620	1
621	0
622	1
623	0
624	1
625	0
626	1
627	1
628	1
629	0
630	1
631	1
632	1
633	1
634	0
635	0
636	1
637	0
638	1
639	0
640	1
641	1
642	1
643	1
644	1
645	1
646	1
647	1
648	1
649	1
650	0
651	1
652	1
653	1
654	1
655	1
656	1
657	1
658	1
659	1
660	0
661	1
662	0
663	1
664	1
665	1
666	0
667	1
668	1
669	1
670	1
671	0
672	0
673	1
674	1
675	1
676	0
677	1
678	1
679	0
680	1
681	1
682	1
683	1
684	0
685	1
686	0
687	0
688	1
689	1
690	1
691	1
692	1
693	0
694	0
695	1
696	1
697	1
698	1
699	1
700	1
701	1
702	1
703	0
704	0
705	1
706	1
707	1
708	1
709	0
710	1
711	0
712	0
713	0
714	1
715	0
716	1
717	0
718	0
719	0
720	1
721	1
722	1
723	1
724	1
725	1
726	1
727	0
728	1
729	1
730	1
731	0
732	0
733	0
734	0
735	1
736	0
737	0
738	1
739	1
740	1
741	1
742	1
743	0
744	0
745	1
746	1
747	1
748	1
749	0
750	1
751	0
752	0
753	1
754	0
755	1
756	1
757	0
758	0
759	1
760	1
761	1
762	0
763	1
764	1
765	1
766	0
767	0
768	0
769	0
770	1
771	1
772	1
773	0
774	1
775	1
776	1
777	1
778	1
779	1
780	1
781	1
782	1
783	1
784	1
785	0
786	1
787	1
788	0
789	1
790	1
791	1
792	0
793	0
794	1
795	1
796	0
797	1
798	0
799	1
800	1
801	1
802	0
803	1
804	1
805	1
806	0
807	1
808	1
809	1
810	0
811	1
812	1
813	0
814	1
815	1
816	1
817	0
818	0
819	0
820	1
821	1
822	1
823	0
824	0
825	1
826	1
827	1
828	1
829	1
830	1
831	0
832	0
833	1
834	0
835	0
836	0
837	1
838	1
839	0
840	1
841	0
842	0
843	0
844	1
845	1
846	0
847	1
848	1
849	1
850	1
851	1
852	0
853	0
854	1
855	0
856	1
857	1
858	1
859	0
860	1
861	1
862	1
863	1
864	1
865	0
866	0
867	1
868	1
869	1
870	1
871	1
872	0
873	1
874	1
875	0
876	1
877	1
878	0
879	0
880	1
881	1
882	1
883	1
884	0
885	0
886	0
887	0
888	0
889	1
890	0
891	0
892	1
893	0
894	0
895	1
896	1
897	1
898	1
899	0
900	0
901	0
902	0
903	1
904	0
905	0
906	1
907	0
908	1
909	1
910	0
911	0
912	1
913	1
914	0
915	1
916	0
917	0
918	0
919	0
920	1
921	1
922	0
923	1
924	0
925	0
926	1
927	1
928	1
929	1
930	0
931	0
932	0
933	1
934	1
935	1
936	1
937	1
938	1
939	0
940	1
941	0
942	1
943	0
944	1
945	1
946	0
947	1
948	0
949	0
950	1
951	0
952	1
953	0
954	0
955	1
956	1
957	1
958	1
959	1
960	1
961	1
962	0
963	1
964	1
965	1
966	1
967	0
968	1
969	0
970	1
971	1
972	0
973	1
974	1
975	1
976	1
977	0
978	1
979	1
980	0
981	0
982	1
983	1
984	1
985	1
986	0
987	1
988	0
989	1
990	1
991	1
992	1
993	0
994	0
995	1
996	0
997	1
998	0
999	1
1000	1
1001	0
1002	1
1003	0
1004	1
1005	0
1006	0
1007	0
1008	0
1009	1
1010	0
1011	0
1012	1
1013	1
1014	0
1015	1
1016	0
1017	1
1018	1
1019	1
1020	1
1021	1
1022	0
1023	1
1024	1
1025	1
1026	1
1027	1
1028	1
1029	1
1030	1
1031	1
1032	0
1033	1
1034	1
1035	0
1036	0
1037	1
1038	1
1039	1
1040	1
1041	0
1042	0
1043	1
1044	0
1045	1
1046	1
1047	1
1048	1
1049	1
1050	1
1051	1
1052	1
1053	1
1054	1
1055	0
1056	1
1057	0
1058	0
1059	1
1060	0
1061	1
1062	1
1063	1
1064	1
1065	1
1066	0
1067	1
1068	1
1069	1
1070	0
1071	0
1072	0
1073	1
1074	1
1075	0
1076	1
1077	1
1078	0
1079	0
1080	1
1081	0
1082	1
1083	1
1084	1
1085	1
1086	1
1087	1
1088	0
1089	0
1090	1
1091	1
1092	1
1093	1
1094	1
1095	0
1096	1
1097	0
1098	1
1099	1
1100	0
1101	1
1102	1
1103	1
1104	1
1105	1
1106	0
1107	0
1108	1
1109	1
1110	1
1111	1
1112	1
1113	1
1114	1
1115	1
1116	0
1117	1
1118	1
1119	1
1120	1
1121	0
1122	1
1123	0
1124	0
1125	1
1126	0
1127	1
1128	1
1129	1
1130	1
1131	1
1132	1
1133	1
1134	0
1135	0
1136	1
1137	1
1138	0
1139	1
1140	1
1141	0
1142	0
1143	1
1144	1
1145	0
1146	1
1147	1
1148	1
1149	1
1150	1
1151	0
1152	1
1153	1
1154	1
1155	1
1156	0
1157	1
1158	1
1159	1
1160	1
1161	1
1162	0
1163	1
1164	1
1165	0
1166	1
1167	0
1168	1
1169	1
1170	0
1171	1
1172	0
1173	1
1174	1
1175	1
1176	1
1177	1
1178	0
1179	1
1180	1
1181	1
1182	0
1183	1
1184	0
1185	1
1186	1
1187	1
1188	1
1189	1
1190	1
1191	1
1192	0
1193	0
1194	1
1195	1
1196	1
1197	0
1198	0
1199	1
1200	1
1201	1
1202	0
1203	1
1204	0
1205	1
1206	1
1207	1
1208	1
1209	0
1210	1
1211	1
1212	1
1213	0
1214	0
1215	1
1216	1
1217	1
1218	0
1219	0
1220	0
1221	1
1222	0
1223	1
1224	1
1225	1
1226	1
1227	0
1228	1
1229	1
1230	1
1231	1
1232	1
1233	0
1234	1
1235	0
1236	1
1237	1
1238	0
1239	1
1240	1
1241	0
1242	1
1243	0
1244	0
1245	0
1246	0
1247	1
1248	1
1249	0
1250	1
1251	1
1252	0
1253	1
1254	1
1255	1
1256	1
1257	1
1258	1
1259	0
1260	1
1261	0
1262	0
1263	1
1264	1
1265	1
1266	0
1267	1
1268	1
1269	0
1270	0
1271	1
1272	0
1273	1
1274	1
1275	0
1276	1
1277	1
1278	1
1279	1
1280	1
1281	1
1282	0
1283	1
1284	1
1285	1
1286	1
1287	0
1288	1
1289	0
1290	1
1291	1
1292	1
1293	1
1294	0
1295	1
1296	0
1297	1
1298	1
1299	1
1300	1
1301	1
1302	1
1303	1
1304	0
1305	0
1306	0
1307	1
1308	1
1309	1
1310	1
1311	0
1312	0
1313	1
1314	1
1315	1
1316	0
1317	1
1318	1
1319	1
1320	0
1321	1
1322	1
1323	1
1324	0
1325	1
1326	1
1327	1
1328	1
1329	0
1330	0
1331	1
1332	1
1333	1
1334	1
1335	1
1336	0
1337	0
1338	0
1339	0
1340	0
1341	1
1342	1
1343	1
1344	1
1345	1
1346	1
1347	1
1348	0
1349	1
1350	0
1351	1
1352	1
1353	0
1354	1
1355	1
1356	0
1357	0
1358	0
1359	0
1360	1
1361	0
1362	1
1363	1
1364	1
1365	1
1366	1
1367	1
1368	1
1369	1
1370	1
1371	1
1372	1
1373	1
1374	1
1375	1
1376	0
1377	1
1378	1
1379	1
1380	1
1381	0
1382	1
1383	1
1384	1
1385	1
1386	0
1387	0
1388	1
1389	1
1390	1
1391	1
1392	1
1393	0
1394	1
1395	1
1396	1
1397	1
1398	1
1399	1
1400	1
1401	1
1402	0
1403	0
1404	0
1405	0
1406	1
1407	1
1408	0
1409	1
1410	1
1411	1
1412	1
1413	0
1414	1
1415	1
1416	1
1417	0
1418	1
1419	0
1420	1
1421	0
1422	1
1423	0
1424	1
1425	1
1426	1
1427	0
1428	1
1429	1
1430	1
1431	0
1432	1
1433	0
1434	1
1435	0
1436	1
1437	1
1438	0
1439	1
1440	1
1441	0
1442	1
1443	0
1444	0
1445	1
1446	1
1447	1
1448	1
1449	1
1450	1
1451	0
1452	1
1453	1
1454	1
1455	1
1456	1
1457	0
1458	1
1459	1
1460	0
1461	1
1462	0
1463	1
1464	0
1465	1
1466	0
1467	1
1468	0
1469	1
1470	1
1471	1
1472	1
1473	1
1474	0
1475	1
1476	1
1477	1
1478	1
1479	1
1480	1
1481	1
1482	1
1483	0
1484	1
1485	1
1486	1
1487	1
1488	1
1489	1
1490	1
1491	1
1492	1
1493	0
1494	1
1495	1
1496	0
1497	1
1498	0
1499	0
1500	1
1501	1
1502	1
1503	0
1504	1
1505	1
1506	1
1507	1
1508	1
1509	0
1510	0
1511	0
1512	1
1513	1
1514	1
1515	0
1516	0
1517	1
1518	1
1519	1
1520	1
1521	1
1522	1
1523	0
1524	0
1525	1
1526	1
1527	1
1528	0
1529	1
1530	1
1531	0
1532	1
1533	1
1534	0
1535	0
1536	0
1537	1
1538	1
1539	1
1540	0
1541	1
1542	0
1543	1
1544	0
1545	1
1546	0
1547	0
1548	0
1549	1
1550	1
1551	1
1552	0
1553	0
1554	0
1555	0
1556	1
1557	0
1558	0
1559	1
1560	1
1561	0
1562	0
1563	0
1564	1
1565	1
1566	0
1567	1
1568	1
1569	0
1570	1
1571	1
1572	0
1573	1
1574	1
1575	1
1576	1
1577	1
1578	1
1579	1
1580	1
1581	1
1582	1
1583	0
1584	1
1585	1
1586	1
1587	1
1588	1
1589	1
1590	0
1591	0
1592	1
1593	1
1594	1
1595	1
1596	1
1597	1
1598	1
1599	0
1600	1
1601	1
1602	0
1603	0
1604	1
1605	1
1606	1
1607	1
1608	1
1609	0
1610	1
1611	1
1612	1
1613	1
1614	0
1615	1
1616	0
1617	1
1618	1
1619	0
1620	0
1621	0
1622	1
1623	0
1624	0
1625	1
1626	0
1627	1
1628	0
1629	1
1630	1
1631	0
1632	1
1633	1
1634	1
1635	0
1636	1
1637	0
1638	1
1639	0
1640	1
1641	0
1642	0
1643	0
1644	1
1645	1
1646	0
1647	0
1648	0
1649	0
1650	0
1651	1
1652	0
1653	1
1654	1
1655	0
1656	1
1657	1
1658	1
1659	1
1660	1
1661	0
1662	1
1663	1
1664	0
1665	1
1666	1
1667	1
1668	1
1669	1
1670	1
1671	0
1672	0
1673	0
1674	0
1675	1
1676	1
1677	0
1678	1
1679	0
1680	1
1681	1
1682	1
1683	1
1684	1
1685	0
1686	1
1687	1
1688	0
1689	1
1690	0
1691	0
1692	0
1693	1
1694	1
1695	0
1696	1
1697	1
1698	1
1699	1
1700	0
1701	0
1702	1
1703	1
1704	1
1705	1
1706	1
1707	0
1708	1
1709	1
1710	1
1711	0
1712	1
1713	0
1714	1
1715	1
1716	0
1717	1
1718	1
1719	0
1720	1
1721	1
1722	0
1723	1
1724	1
1725	1
1726	1
1727	1
1728	1
1729	1
1730	0
1731	1
1732	1
1733	0
1734	0
1735	1
1736	0
1737	1
1738	1
1739	1
1740	0
1741	0
1742	1
1743	1
1744	0
1745	0
1746	1
1747	1
1748	0
1749	1
1750	1
1751	0
1752	0
1753	0
1754	0
1755	1
1756	1
1757	0
1758	1
1759	1
1760	0
1761	1
1762	0
1763	1
1764	0
1765	1
1766	0
1767	1
1768	0
1769	1
1770	0
1771	0
1772	0
1773	1
1774	1
1775	1
1776	1
1777	0
1778	0
1779	1
1780	1
1781	0
1782	0
1783	1
1784	1
1785	0
1786	0
1787	1
1788	1
1789	1
1790	1
1791	1
1792	1
1793	0
1794	1
1795	0
1796	0
1797	0
1798	0
1799	0
1800	0
1801	1
1802	1
1803	0
1804	1
1805	0
1806	0
1807	1
1808	1
1809	1
1810	0
1811	1
1812	0
1813	1
1814	1
1815	1
1816	1
1817	1
1818	1
1819	0
1820	1
1821	1
1822	0
1823	1
1824	0
1825	1
1826	1
1827	1
1828	0
1829	1
1830	0
1831	1
1832	0
1833	1
1834	1
1835	1
1836	1
1837	0
1838	0
1839	0
1840	1
1841	0
1842	1
1843	0
1844	1
1845	1
1846	0
1847	1
1848	0
1849	0
1850	1
1851	0
1852	1
1853	0
1854	1
1855	1
1856	1
1857	1
1858	0
1859	0
1860	1
1861	1
1862	1
1863	1
1864	0
1865	1
1866	1
1867	0
1868	1
1869	1
1870	0
1871	1
1872	0
1873	1
1874	0
1875	0
1876	1
1877	1
1878	1
1879	1
1880	1
1881	0
1882	1
1883	1
1884	1
1885	1
1886	1
1887	1
1888	1
1889	1
1890	1
1891	1
1892	0
1893	0
1894	0
1895	0
1896	1
1897	1
1898	1
1899	1
1900	1
1901	1
1902	1
1903	0
1904	1
1905	1
1906	0
1907	1
1908	1
1909	0
1910	1
1911	1
1912	0
1913	0
1914	1
1915	0
1916	1
1917	0
1918	1
1919	1
1920	1
1921	0
1922	0
1923	0
1924	0
1925	0
1926	1
1927	0
1928	0
1929	0
1930	1
1931	0
1932	0
1933	0
1934	1
1935	1
1936	0
1937	0
1938	1
1939	1
1940	1
1941	0
1942	1
1943	1
1944	1
1945	1
1946	0
1947	0
1948	0
1949	1
1950	0
1951	0
1952	0
1953	1
1954	1
1955	1
1956	1
1957	1
1958	1
1959	1
1960	0
1961	0
1962	1
1963	0
1964	1
1965	1
1966	1
1967	0
1968	0
1969	0
1970	1
1971	1
1972	0
1973	1
1974	1
1975	1
1976	0
1977	1
1978	1
1979	1
1980	0
1981	0
1982	1
1983	1
1984	1
1985	1
1986	1
1987	1
1988	0
1989	1
1990	1
1991	1
1992	1
1993	0
1994	1
1995	0
1996	0
1997	1
1998	1
1999	0
2000	1
2001	1
2002	0
2003	0
2004	0
2005	1
2006	0
2007	1
2008	1
2009	0
2010	0
2011	1
2012	1
2013	1
2014	1
2015	1
2016	0
2017	1
2018	1
2019	0
2020	1
2021	0
2022	0
2023	0
2024	0
2025	0
2026	0
2027	1
