0	1
1	1
2	1
3	1
4	0
5	0
6	1
7	0
8	1
9	0
10	1
11	1
12	0
13	1
14	1
15	1
16	1
17	1
18	1
19	1
20	1
21	0
22	1
23	1
24	1
25	0
26	0
27	1
28	1
29	1
30	1
31	1
32	1
33	1
34	0
35	1
36	1
37	1
38	1
39	1
40	1
41	1
42	1
43	1
44	1
45	1
46	1
47	1
48	1
49	1
50	1
51	0
52	1
53	0
54	0
55	1
56	1
57	1
58	0
59	1
60	1
61	1
62	0
63	1
64	1
65	0
66	0
67	0
68	0
69	0
70	1
71	1
72	0
73	1
74	1
75	1
76	1
77	1
78	1
79	1
80	1
81	1
82	1
83	0
84	0
85	1
86	1
87	1
88	1
89	1
90	1
91	1
92	0
93	1
94	0
95	1
96	1
97	1
98	1
99	1
100	1
101	0
102	1
103	1
104	0
105	1
106	1
107	0
108	1
109	1
110	1
111	1
112	0
113	1
114	0
115	0
116	1
117	1
118	1
119	1
120	0
121	0
122	1
123	1
124	0
125	1
126	1
127	1
128	0
129	0
130	1
131	1
132	1
133	0
134	1
135	0
136	0
137	1
138	1
139	1
140	1
141	1
142	0
143	1
144	0
145	1
146	1
147	1
148	1
149	1
150	0
151	1
152	0
153	1
154	1
155	1
156	0
157	1
158	1
159	1
160	1
161	1
162	1
163	1
164	1
165	0
166	1
167	0
168	0
169	1
170	1
171	0
172	1
173	1
174	0
175	0
176	1
177	1
178	0
179	0
180	1
181	1
182	0
183	0
184	0
185	1
186	1
187	1
188	1
189	0
190	1
191	1
192	0
193	1
194	1
195	1
196	1
197	1
198	1
199	0
200	1
201	1
202	0
203	1
204	1
205	1
206	0
207	1
208	1
209	0
210	1
211	1
212	0
213	0
214	1
215	1
216	0
217	0
218	1
219	0
220	1
221	0
222	1
223	1
224	1
225	0
226	1
227	1
228	1
229	0
230	1
231	1
232	1
233	0
234	0
235	1
236	0
237	0
238	1
239	1
240	1
241	1
242	0
243	0
244	0
245	1
246	0
247	0
248	1
249	0
250	0
251	1
252	1
253	1
254	0
255	0
256	1
257	1
258	1
259	1
260	1
261	1
262	1
263	1
264	1
265	0
266	0
267	1
268	1
269	0
270	0
271	0
272	0
273	1
274	0
275	0
276	1
277	1
278	1
279	1
280	0
281	0
282	1
283	0
284	0
285	1
286	1
287	0
288	0
289	1
290	1
291	1
292	0
293	1
294	0
295	1
296	1
297	1
298	0
299	1
300	1
301	0
302	1
303	1
304	1
305	1
306	1
307	1
308	0
309	1
310	1
311	1
312	1
313	0
314	1
315	0
316	1
317	1
318	0
319	1
320	1
321	0
322	1
323	0
324	0
325	1
326	0
327	1
328	0
329	0
330	1
331	0
332	0
333	1
334	1
335	0
336	1
337	1
338	0
339	0
340	1
341	1
342	1
343	1
344	1
345	0
346	0
347	0
348	1
349	0
350	1
351	0
352	0
353	0
354	1
355	1
356	0
357	1
358	0
359	0
360	0
361	1
362	0
363	0
364	1
365	1
366	1
367	0
368	1
369	1
370	0
371	1
372	0
373	1
374	0
375	1
376	1
377	1
378	0
379	1
380	1
381	0
382	0
383	0
384	0
385	1
386	1
387	1
388	0
389	1
390	1
391	0
392	1
393	0
394	0
395	1
396	1
397	1
398	1
399	1
400	0
401	1
402	1
403	1
404	1
405	1
406	1
407	1
408	0
409	0
410	1
411	0
412	1
413	0
414	0
415	1
416	1
417	1
418	1
419	1
420	1
421	1
422	0
423	1
424	1
425	0
426	1
427	1
428	1
429	1
430	1
431	1
432	1
433	0
434	1
435	0
436	1
437	0
438	0
439	1
440	1
441	0
442	0
443	1
444	1
445	1
446	1
447	0
448	1
449	1
450	1
451	1
452	1
453	1
454	1
455	0
456	0
457	1
458	1
459	1
460	1
461	1
462	1
463	0
464	1
465	1
466	0
467	1
468	1
469	1
470	1
471	1
472	0
473	1
474	1
475	1
476	0
477	0
478	1
479	1
480	1
481	1
482	1
483	1
484	0
485	1
486	1
487	1
488	1
489	1
490	1
491	0
492	1
493	1
494	1
495	0
496	1
497	1
498	1
499	0
500	1
501	0
502	1
503	1
504	1
505	0
506	0
507	0
508	0
509	0
510	0
511	1
512	1
513	1
514	1
515	0
516	1
517	1
518	1
519	1
520	1
521	1
522	0
523	1
524	1
525	1
526	1
527	0
528	0
529	1
530	0
531	1
532	0
533	0
534	1
535	1
536	1
537	1
538	1
539	1
540	1
541	1
542	1
543	0
544	1
545	0
546	1
547	1
548	0
549	1
550	0
551	1
552	0
553	1
554	0
555	0
556	1
557	1
558	1
559	1
560	0
561	1
562	1
563	1
564	0
565	1
566	1
567	1
568	1
569	0
570	0
571	1
572	0
573	1
574	1
575	1
576	0
577	0
578	1
579	0
580	1
581	1
582	1
583	1
584	1
585	0
586	1
587	1
588	1
589	1
590	1
591	1
592	1
593	1
594	1
595	1
596	1
597	1
598	1
599	1
600	1
601	0
602	0
603	1
604	0
605	1
606	1
607	0
608	1
609	1
610	1
611	0
612	0
613	1
614	1
615	1
616	1
617	1
618	1
619	1
620	1
621	1
622	0
623	1
624	0
625	0
626	1
627	0
628	1
629	1
630	1
631	0
632	0
633	1
634	1
635	0
636	1
637	1
638	1
639	1
640	1
641	1
642	0
643	1
644	1
645	0
646	1
647	0
648	0
649	1
650	1
651	1
652	1
653	1
654	1
655	1
656	1
657	0
658	1
659	0
660	1
661	0
662	1
663	0
664	1
665	1
666	1
667	1
668	1
669	0
670	0
671	1
672	0
673	1
674	0
675	1
676	1
677	0
678	1
679	1
680	0
681	1
682	1
683	1
684	1
685	0
686	0
687	1
688	1
689	0
690	1
691	1
692	1
693	1
694	1
695	1
696	0
697	1
698	0
699	1
700	1
701	1
702	0
703	0
704	1
705	0
706	1
707	0
708	1
709	1
710	1
711	1
712	1
713	1
714	1
715	1
716	1
717	1
718	0
719	0
720	1
721	1
722	0
723	1
724	1
725	1
726	1
727	1
728	0
729	1
730	1
731	1
732	0
733	1
734	1
735	1
736	1
737	1
738	1
739	1
740	1
741	0
742	1
743	1
744	1
745	1
746	0
747	1
748	1
749	0
750	0
751	1
752	1
753	1
754	1
755	0
756	1
757	1
758	1
759	1
760	0
761	1
762	1
763	1
764	1
765	1
766	1
767	1
768	0
769	0
770	1
771	1
772	1
773	1
774	1
775	0
776	1
777	1
778	0
779	1
780	1
781	1
782	1
783	1
784	1
785	1
786	0
787	1
788	1
789	1
790	1
791	1
792	1
793	0
794	0
795	1
796	1
797	1
798	1
799	1
800	0
801	1
802	1
803	1
804	1
805	0
806	1
807	1
808	0
809	1
810	0
811	1
812	1
813	1
814	1
815	1
816	1
817	1
818	0
819	1
820	0
821	1
822	1
823	0
824	1
825	1
826	1
827	1
828	1
829	1
830	1
831	1
832	0
833	0
834	1
835	0
836	1
837	1
838	1
839	1
840	1
841	1
842	1
843	1
844	1
845	1
846	1
847	0
848	0
849	1
850	1
851	0
852	0
853	0
854	1
855	1
856	1
857	1
858	1
859	0
860	1
861	1
862	0
863	0
864	1
865	0
866	1
867	0
868	1
869	1
870	1
871	1
872	1
873	1
874	1
875	1
876	1
877	1
878	1
879	1
880	1
881	0
882	1
883	1
884	0
885	1
886	1
887	0
888	1
889	1
890	1
891	1
892	1
893	1
894	1
895	1
896	1
897	1
898	1
899	1
900	0
901	1
902	1
903	0
904	0
905	1
906	1
907	1
908	1
909	1
910	1
911	1
912	0
913	1
914	1
915	1
916	1
917	1
918	1
919	1
920	1
921	1
922	1
923	1
924	0
925	0
926	0
927	0
928	1
929	0
930	1
931	0
932	1
933	1
934	1
935	1
936	1
937	0
938	1
939	1
940	1
941	1
942	1
943	1
944	0
945	1
946	1
947	0
948	1
949	0
950	1
951	1
952	0
953	0
954	1
955	1
956	1
957	1
958	1
959	0
960	0
961	0
962	0
963	1
964	0
965	1
966	1
967	1
968	1
969	1
970	1
971	1
972	1
973	1
974	1
975	1
976	0
977	1
978	1
979	1
980	1
981	1
982	1
983	1
984	1
985	1
986	1
987	0
988	0
989	1
990	1
991	1
992	1
993	1
994	1
995	0
996	1
997	0
998	1
999	1
1000	1
1001	1
1002	1
1003	0
1004	1
1005	1
1006	1
1007	0
1008	0
1009	1
1010	0
1011	0
1012	1
1013	1
1014	0
1015	0
1016	1
1017	1
1018	0
1019	1
1020	1
1021	0
1022	1
1023	1
1024	0
1025	1
1026	1
1027	1
1028	1
1029	0
1030	1
1031	1
1032	0
1033	1
1034	1
1035	1
1036	1
1037	1
1038	1
1039	0
1040	1
1041	1
1042	1
1043	1
1044	0
1045	1
1046	0
1047	0
1048	1
1049	1
1050	0
1051	0
1052	1
1053	1
1054	1
1055	1
1056	1
1057	0
1058	1
1059	1
1060	0
1061	1
1062	1
1063	1
1064	1
1065	0
1066	1
1067	1
1068	0
1069	1
1070	0
1071	0
1072	1
1073	1
1074	0
1075	1
1076	0
1077	1
1078	0
1079	0
1080	0
1081	1
1082	1
1083	0
1084	1
1085	0
1086	0
1087	0
1088	1
1089	1
1090	1
1091	1
1092	0
1093	1
1094	1
1095	1
1096	0
1097	1
1098	1
1099	1
1100	1
1101	1
1102	0
1103	0
1104	1
1105	1
1106	0
1107	0
1108	1
1109	1
1110	1
1111	1
1112	0
1113	1
1114	1
1115	1
1116	1
1117	1
1118	1
1119	0
1120	1
1121	0
1122	1
1123	1
1124	1
1125	1
1126	1
1127	1
1128	0
1129	1
1130	1
1131	1
1132	0
1133	1
1134	0
1135	1
1136	1
1137	1
1138	0
1139	1
1140	1
1141	0
1142	0
1143	1
1144	1
1145	0
1146	1
1147	1
1148	0
1149	1
1150	1
1151	1
1152	1
1153	0
1154	1
1155	1
1156	1
1157	1
1158	1
1159	0
1160	0
1161	1
1162	1
1163	1
1164	1
1165	1
1166	1
1167	0
1168	1
1169	1
1170	1
1171	1
1172	1
1173	0
1174	1
1175	0
1176	1
1177	0
1178	1
1179	0
1180	1
1181	1
1182	0
1183	1
1184	0
1185	0
1186	1
1187	1
1188	1
1189	0
1190	1
1191	1
1192	0
1193	1
1194	1
1195	0
1196	0
1197	1
1198	1
1199	1
1200	1
1201	1
1202	1
1203	1
1204	1
1205	1
1206	1
1207	1
1208	1
1209	1
1210	1
1211	1
1212	0
1213	0
1214	1
1215	1
1216	1
1217	1
1218	1
1219	1
1220	1
1221	1
1222	1
1223	0
1224	0
1225	1
1226	1
1227	0
1228	1
1229	1
1230	1
1231	0
1232	1
1233	1
1234	1
1235	1
1236	1
1237	1
1238	1
1239	1
1240	1
1241	1
1242	1
1243	1
1244	0
1245	1
1246	0
1247	0
1248	0
1249	1
1250	1
1251	1
1252	1
