0	1
1	1
2	0
3	0
4	1
5	1
6	0
7	0
8	0
9	1
10	1
11	1
12	1
13	1
14	1
15	0
16	1
17	0
18	1
19	1
20	1
21	1
22	1
23	1
24	1
25	1
26	0
27	1
28	1
29	1
30	1
31	0
32	0
33	1
34	1
35	1
36	1
37	1
38	1
39	0
40	1
41	0
42	1
43	0
44	0
45	0
46	0
47	0
48	0
49	0
50	0
51	1
52	1
53	1
54	0
55	1
56	0
57	1
58	1
59	1
60	1
61	1
62	1
63	0
64	1
65	1
66	1
67	1
68	1
69	0
70	1
71	1
72	1
73	1
74	1
75	1
76	1
77	0
78	1
79	0
80	1
81	0
82	1
83	1
84	0
85	0
86	1
87	0
88	1
89	0
90	1
91	1
92	0
93	0
94	0
95	1
96	1
97	0
98	1
99	1
100	0
101	0
102	1
103	1
104	1
105	0
106	1
107	1
108	0
109	1
110	1
111	0
112	1
113	1
114	1
115	0
116	0
117	1
118	0
119	0
120	0
121	0
122	0
123	1
124	1
125	0
126	0
127	1
128	1
129	0
130	0
131	1
132	1
133	1
134	1
135	1
136	0
137	1
138	1
139	0
140	0
141	1
142	1
143	0
144	0
145	1
146	0
147	1
148	0
149	0
150	0
151	1
152	0
153	1
154	0
155	1
156	1
157	1
158	1
159	0
160	0
161	1
162	1
163	0
164	0
165	1
166	1
167	1
168	1
169	0
170	1
171	0
172	1
173	1
174	1
175	1
176	0
177	1
178	1
179	0
180	1
181	0
182	1
183	1
184	1
185	0
186	1
187	1
188	1
189	1
190	0
191	0
192	0
193	1
194	1
195	0
196	0
197	0
198	1
199	1
200	1
201	1
202	1
203	1
204	0
205	0
206	0
207	1
208	0
209	1
210	1
211	1
212	1
213	1
214	0
215	1
216	0
217	1
218	1
219	1
220	0
221	1
222	0
223	1
224	0
225	1
226	1
227	1
228	1
229	0
230	1
231	1
232	1
233	0
234	1
235	0
236	1
237	1
238	0
239	0
240	0
241	1
242	1
243	1
244	1
245	1
246	0
247	1
248	0
249	0
250	1
251	0
252	0
253	1
254	0
255	1
256	0
257	0
258	1
259	1
260	0
261	1
262	1
263	1
264	1
265	1
266	0
267	0
268	0
269	1
270	1
271	0
272	0
273	1
274	1
275	1
276	1
277	0
278	1
279	0
280	1
281	1
282	0
283	1
284	1
285	0
286	1
287	1
288	1
289	1
290	0
291	0
292	1
293	1
294	0
295	1
296	0
297	1
298	1
299	0
300	0
301	0
302	1
303	1
304	1
305	0
306	0
307	1
308	0
309	0
310	1
311	1
312	0
313	0
314	1
315	0
316	1
317	1
318	0
319	0
320	1
321	1
322	0
323	1
324	0
325	1
326	1
327	0
328	1
329	1
330	1
331	1
332	1
333	0
334	0
335	1
336	0
337	1
338	1
339	1
340	1
341	1
342	0
343	0
344	1
345	0
346	0
347	0
348	0
349	1
350	1
351	1
352	0
353	1
354	0
355	1
356	1
357	1
358	0
359	1
360	0
361	0
362	1
363	1
364	1
365	1
366	1
367	0
368	1
369	1
370	1
371	0
372	0
373	0
374	0
375	0
376	0
377	0
378	1
379	0
380	1
381	1
382	1
383	1
384	0
385	0
386	0
387	1
388	0
389	0
390	0
391	1
392	1
393	0
394	1
395	0
396	1
397	0
398	0
399	1
400	0
401	1
402	1
403	0
404	0
405	1
406	0
407	1
408	0
409	1
410	1
411	1
412	1
413	1
414	1
415	1
416	1
417	1
418	1
419	1
420	0
421	1
422	1
423	1
424	1
425	1
426	1
427	1
428	1
429	1
430	0
431	0
432	0
433	1
434	1
435	1
436	0
437	1
438	1
439	1
440	1
441	1
442	1
443	0
444	1
445	0
446	1
447	1
448	1
449	0
450	1
451	1
452	0
453	1
454	1
455	0
456	0
457	1
458	1
459	1
460	1
461	1
462	1
463	1
464	0
465	1
466	1
467	1
468	1
469	1
470	1
471	1
472	0
473	1
474	1
475	0
476	0
477	0
478	0
479	0
480	0
481	0
482	1
483	1
484	1
485	1
486	0
487	0
488	0
489	1
490	1
491	1
492	1
493	1
494	0
495	1
496	0
497	1
498	1
499	1
500	1
501	0
502	1
503	1
504	0
505	1
506	1
507	0
508	1
509	0
510	1
511	1
512	1
513	1
514	1
515	1
516	1
517	1
518	1
519	0
520	1
521	0
522	1
523	0
524	0
525	0
526	0
527	0
528	0
529	1
530	0
531	1
532	1
533	1
534	1
535	1
536	0
537	1
538	0
539	1
540	1
541	1
542	0
543	1
544	0
545	0
546	1
547	1
548	1
549	1
550	1
551	0
552	0
553	0
554	1
555	0
556	0
557	1
558	0
559	0
560	1
561	0
562	0
563	1
564	0
565	1
566	1
567	0
568	0
569	0
570	0
571	0
572	1
573	1
574	0
575	0
576	1
577	0
578	0
579	0
580	0
581	1
582	1
583	0
584	1
585	1
586	1
587	0
588	0
589	1
590	0
591	0
592	1
593	0
594	0
595	0
596	0
597	1
598	1
599	0
600	0
601	0
602	1
603	1
604	0
605	1
606	1
607	0
608	0
609	1
610	1
611	0
612	0
613	0
614	0
615	0
616	0
617	0
618	1
619	1
620	0
621	0
622	0
623	0
624	0
625	0
626	0
627	0
628	1
629	0
630	0
631	0
632	1
633	0
634	1
635	0
636	0
637	0
638	1
639	0
640	0
641	0
642	0
643	0
644	1
645	1
646	0
647	0
648	0
649	0
650	0
651	0
652	1
653	0
654	0
655	1
656	1
657	1
658	0
659	0
660	1
661	1
662	0
663	1
664	1
665	0
666	1
667	0
668	0
669	1
670	0
671	0
672	0
673	0
674	0
675	0
676	1
677	1
678	1
679	0
680	1
681	1
682	0
683	0
684	1
685	0
686	0
687	1
688	0
689	0
690	1
691	1
692	1
693	1
694	1
695	0
696	1
697	1
698	1
699	0
700	1
701	0
702	0
703	0
704	1
705	0
706	1
707	0
708	0
709	0
710	1
711	1
712	1
713	0
714	1
715	1
716	1
717	1
718	0
719	0
720	0
721	0
722	0
723	1
724	1
725	1
726	1
727	0
728	0
729	0
730	1
731	1
732	1
733	0
734	0
735	1
736	1
737	1
738	1
739	0
740	0
741	0
742	1
743	0
744	1
745	1
746	1
747	1
748	1
749	1
750	0
751	0
752	1
753	0
754	1
755	0
756	1
757	1
758	0
759	0
760	0
761	0
762	1
763	0
764	1
765	1
766	0
767	0
768	0
769	1
770	1
771	1
772	0
773	1
774	0
775	1
776	1
777	0
778	0
779	0
780	0
781	0
782	1
783	0
784	1
785	1
786	1
787	1
788	1
789	0
790	1
791	1
792	1
793	0
794	0
795	1
796	1
797	1
798	1
799	0
800	1
801	0
802	0
803	1
804	0
805	0
806	1
807	0
808	1
809	1
810	1
811	1
812	1
813	0
814	0
815	1
816	0
817	0
818	1
819	1
820	0
821	0
822	1
823	0
824	0
825	0
826	0
827	1
828	1
829	1
830	1
831	1
832	1
833	1
834	0
835	0
836	1
837	0
838	1
839	1
840	0
841	0
842	1
843	0
844	0
845	1
846	0
847	1
848	0
849	1
850	1
851	1
852	1
853	0
854	1
855	0
856	0
857	0
858	0
859	1
860	1
861	0
862	1
863	0
864	1
865	0
866	1
867	0
868	1
869	1
870	1
871	1
872	0
873	1
874	1
875	1
876	0
877	0
878	0
879	1
880	0
881	1
882	1
883	0
884	1
885	1
886	1
887	1
888	1
889	0
890	0
891	1
892	1
893	0
894	0
895	1
896	0
897	0
898	0
899	1
900	1
901	0
902	0
903	0
904	1
905	0
906	1
907	0
908	1
909	1
910	0
911	0
912	0
913	1
914	0
915	0
916	1
917	0
918	0
919	0
920	0
921	0
922	0
923	0
924	0
925	0
926	1
927	1
928	1
929	0
930	1
931	0
932	0
933	1
934	0
935	0
936	1
937	1
938	1
939	1
940	1
941	0
942	1
943	1
944	1
945	0
946	1
947	1
948	0
949	1
950	0
951	0
952	1
953	0
954	0
955	1
956	1
957	0
958	1
959	0
960	0
961	1
962	1
963	1
964	0
965	0
966	1
967	1
968	1
969	1
970	1
971	1
972	1
973	1
974	0
975	1
976	1
977	1
978	1
979	1
980	0
981	1
982	0
983	1
984	1
985	1
986	1
987	0
988	1
989	0
990	1
991	1
992	0
993	0
994	1
995	0
996	0
997	0
998	0
999	1
1000	1
1001	0
1002	1
1003	1
1004	0
1005	0
1006	1
1007	1
1008	1
1009	1
1010	0
1011	0
1012	1
1013	1
1014	0
1015	0
1016	0
1017	0
1018	0
1019	1
1020	0
1021	1
1022	0
1023	0
1024	0
1025	1
1026	1
1027	1
1028	0
1029	0
1030	1
1031	1
1032	0
1033	1
1034	1
1035	0
1036	0
1037	1
1038	0
1039	0
1040	1
1041	0
1042	0
1043	1
1044	1
1045	0
1046	1
1047	0
1048	1
1049	0
1050	0
1051	1
1052	1
1053	0
1054	1
1055	0
1056	0
1057	1
1058	0
1059	1
1060	0
1061	0
1062	1
1063	1
1064	1
1065	1
1066	0
1067	0
1068	1
1069	0
1070	0
1071	0
1072	1
1073	0
1074	1
1075	0
1076	0
1077	1
1078	1
1079	0
1080	1
1081	0
1082	1
1083	1
1084	1
1085	1
1086	1
1087	0
1088	0
1089	0
1090	0
1091	1
1092	0
1093	0
1094	0
1095	0
1096	1
1097	0
1098	0
1099	1
1100	0
1101	1
1102	0
1103	1
1104	0
1105	1
1106	0
1107	1
1108	0
1109	0
1110	1
1111	1
1112	0
1113	0
1114	1
1115	0
1116	0
1117	1
1118	1
1119	0
1120	1
1121	1
1122	0
1123	0
1124	1
1125	0
1126	0
1127	0
1128	0
1129	1
1130	1
1131	0
1132	1
1133	1
1134	1
1135	0
1136	1
1137	1
1138	0
1139	0
1140	1
1141	1
1142	0
1143	1
1144	1
1145	1
1146	0
1147	1
1148	0
1149	0
1150	0
1151	1
1152	0
1153	0
1154	1
1155	1
1156	0
1157	0
1158	1
1159	0
1160	1
1161	0
1162	0
1163	1
1164	0
1165	1
1166	0
1167	0
1168	0
1169	1
1170	0
1171	1
1172	0
1173	0
1174	0
1175	1
1176	0
1177	1
1178	0
1179	1
1180	0
1181	0
1182	1
1183	0
1184	0
1185	1
1186	1
1187	1
1188	0
1189	1
1190	1
1191	1
1192	1
1193	1
1194	1
1195	1
1196	1
1197	1
1198	1
1199	1
1200	1
1201	0
1202	0
1203	0
1204	0
1205	1
1206	0
1207	0
1208	0
1209	0
1210	0
1211	1
1212	0
1213	0
1214	0
1215	1
1216	1
1217	0
1218	1
1219	1
1220	0
1221	1
1222	0
1223	0
1224	1
1225	1
1226	0
1227	1
1228	0
1229	1
1230	1
1231	1
1232	0
1233	1
1234	0
1235	1
1236	1
1237	0
1238	1
1239	0
1240	1
1241	1
1242	0
1243	1
1244	0
1245	0
1246	1
1247	1
1248	1
1249	1
1250	1
1251	1
1252	0
1253	1
1254	0
1255	0
1256	1
1257	0
1258	0
1259	0
1260	0
1261	1
1262	0
1263	1
1264	0
1265	0
1266	1
1267	1
1268	0
1269	0
1270	0
1271	1
1272	1
1273	1
1274	1
1275	0
1276	0
1277	1
1278	1
1279	0
1280	0
1281	0
1282	0
1283	1
1284	1
1285	0
1286	1
1287	0
1288	1
1289	1
1290	1
1291	0
1292	0
1293	0
1294	1
1295	0
1296	1
1297	1
1298	1
1299	0
1300	1
1301	1
1302	1
1303	0
1304	1
1305	1
1306	1
1307	1
1308	1
1309	1
1310	1
1311	0
1312	1
1313	1
1314	0
1315	1
1316	0
1317	1
1318	0
1319	0
1320	0
1321	1
1322	0
1323	1
1324	0
1325	1
1326	0
1327	1
1328	0
1329	1
1330	1
1331	1
1332	1
1333	1
1334	0
1335	1
1336	0
1337	1
1338	1
1339	0
1340	1
1341	0
1342	0
1343	1
1344	0
1345	0
1346	0
1347	0
1348	0
1349	1
1350	0
1351	0
1352	1
1353	1
1354	0
1355	0
1356	1
1357	1
1358	0
1359	1
1360	1
1361	1
1362	0
1363	1
1364	0
1365	1
1366	1
1367	0
1368	1
1369	0
1370	0
1371	1
1372	1
1373	1
1374	1
1375	0
1376	0
1377	0
1378	1
1379	1
1380	0
1381	1
1382	1
1383	1
1384	0
1385	1
1386	1
1387	1
1388	0
1389	0
1390	0
1391	1
1392	1
1393	1
1394	1
1395	0
1396	1
1397	0
1398	0
1399	0
1400	1
1401	0
1402	1
1403	1
1404	1
1405	0
1406	0
1407	1
1408	0
1409	1
1410	0
1411	1
1412	1
1413	0
1414	1
1415	0
1416	1
1417	0
1418	0
1419	0
1420	0
1421	1
1422	1
1423	1
1424	0
1425	1
1426	0
1427	0
1428	1
1429	0
1430	1
1431	0
1432	0
1433	0
