-3.161875605583190918e-01 6.504588127136230469e-01
-1.526129484176635742e+00 2.241578817367553711e+00
-3.787152767181396484e-01 6.557136774063110352e-01
-3.496458828449249268e-01 5.218964815139770508e-01
1.204317688941955566e+00 -3.031678795814514160e-01
-5.224222540855407715e-01 8.496235013008117676e-01
-1.563022471964359283e-02 4.670027494430541992e-01
-3.186352550983428955e-01 6.866604089736938477e-01
1.005177617073059082e+00 -8.168501406908035278e-02
-1.389192342758178711e+00 2.331949710845947266e+00
-1.905596107244491577e-01 5.833141803741455078e-01
-4.173063635826110840e-01 6.056227087974548340e-01
1.210538819432258606e-01 3.260753750801086426e-01
2.090217173099517822e-01 2.524206638336181641e-01
-3.615075349807739258e-01 6.465559601783752441e-01
-1.199573352932929993e-01 5.314780473709106445e-01
-1.912879645824432373e-01 4.240551590919494629e-01
-4.166966974735260010e-01 7.159796953201293945e-01
-3.757926821708679199e-01 7.243874669075012207e-01
9.820628166198730469e-01 -1.748960465192794800e-01
-4.355505406856536865e-01 7.807463407516479492e-01
-5.070608854293823242e-01 7.874444723129272461e-01
3.606958985328674316e-01 2.393420040607452393e-01
-3.079881370067596436e-01 6.055612564086914062e-01
-1.617867708206176758e+00 2.202007055282592773e+00
-2.941156327724456787e-01 5.701900720596313477e-01
-1.226606499403715134e-02 3.897931575775146484e-01
-1.303433656692504883e+00 2.315830707550048828e+00
-1.696444153785705566e-01 4.082698523998260498e-01
-1.263521760702133179e-01 5.084162950515747070e-01
-3.734942898154258728e-02 4.749312400817871094e-01
-2.368629872798919678e-01 6.112089753150939941e-01
-3.649405837059020996e-01 6.468402743339538574e-01
-5.663643404841423035e-02 3.992888331413269043e-01
-1.452005147933959961e+00 1.892899513244628906e+00
-4.487658739089965820e-01 6.829571127891540527e-01
4.038132727146148682e-01 1.675335019826889038e-01
-1.027305722236633301e+00 1.404206514358520508e+00
-2.817500233650207520e-01 6.255723834037780762e-01
-1.292815655469894409e-01 3.860461115837097168e-01
-3.399807214736938477e-01 6.733919978141784668e-01
9.100762605667114258e-01 -1.391471028327941895e-01
6.527819484472274780e-02 3.797682225704193115e-01
-1.372890233993530273e+00 2.371012210845947266e+00
-4.350981712341308594e-01 6.890838742256164551e-01
-1.696782559156417847e-01 4.219089150428771973e-01
8.417019844055175781e-01 -5.071048811078071594e-02
-3.994250893592834473e-01 7.344244718551635742e-01
-9.320730566978454590e-01 1.356696486473083496e+00
-3.927555680274963379e-01 6.828736066818237305e-01
8.696075081825256348e-01 -1.329177170991897583e-01
4.778555631637573242e-01 1.322764754295349121e-01
1.174829483032226562e+00 -4.171147346496582031e-01
9.762483835220336914e-01 -1.811622679233551025e-01
7.361065745353698730e-01 2.991295978426933289e-02
-2.855636775493621826e-01 5.546877384185791016e-01
-3.415777981281280518e-01 5.796479582786560059e-01
-3.715485334396362305e-01 5.899251103401184082e-01
1.232090950012207031e+00 -3.521699309349060059e-01
6.465841531753540039e-01 -1.767181232571601868e-02
8.329173326492309570e-01 -1.162898018956184387e-01
1.136562108993530273e+00 -2.884387075901031494e-01
1.228833913803100586e+00 -4.513470232486724854e-01
6.221770644187927246e-01 1.234338711947202682e-02
5.878148078918457031e-01 6.711392849683761597e-02
1.172752737998962402e+00 -2.718423902988433838e-01
1.174755096435546875e+00 -3.372174203395843506e-01
8.224352598190307617e-01 -9.292711503803730011e-03
1.236729145050048828e+00 -3.757822811603546143e-01
-1.920627951622009277e-01 4.518541693687438965e-01
1.251668930053710938e+00 -4.209063947200775146e-01
9.665033817291259766e-01 -1.573162078857421875e-01
7.925586700439453125e-01 -1.485448051244020462e-02
1.215164184570312500e+00 -4.645737409591674805e-01
9.542613029479980469e-01 -1.114538982510566711e-01
1.026354432106018066e+00 -2.042955160140991211e-01
-2.881306707859039307e-01 5.498418211936950684e-01
-1.420705318450927734e-01 4.608213603496551514e-01
-2.977333664894104004e-01 5.752861499786376953e-01
-7.757451385259628296e-02 4.013256132602691650e-01
1.083060741424560547e+00 -2.033679932355880737e-01
5.887144804000854492e-01 1.329293549060821533e-01
1.191852331161499023e+00 -3.043001890182495117e-01
1.045453190803527832e+00 -2.803921997547149658e-01
5.473842620849609375e-01 1.145067140460014343e-01
1.140893459320068359e+00 -3.231194317340850830e-01
1.100054264068603516e+00 -2.630512416362762451e-01
6.567219495773315430e-01 8.583291620016098022e-02
7.787162065505981445e-01 -4.210548475384712219e-02
-3.033535480499267578e-01 4.920098483562469482e-01
5.246857404708862305e-01 1.499748975038528442e-01
1.036139726638793945e+00 -1.629061698913574219e-01
1.167462348937988281e+00 -2.794668078422546387e-01
1.233197450637817383e+00 -3.874531388282775879e-01
9.392065405845642090e-01 -1.140869185328483582e-01
5.550335049629211426e-01 1.556358765810728073e-02
7.606182098388671875e-01 -5.441230908036231995e-02
1.080670356750488281e+00 -2.146572768688201904e-01
-2.408806234598159790e-01 5.982531309127807617e-01
1.003360509872436523e+00 -1.256950795650482178e-01
