0	0
1	1
2	0
3	1
4	1
5	0
6	0
7	0
8	1
9	0
10	0
11	0
12	0
13	0
14	0
15	0
16	1
17	0
18	1
19	1
20	0
21	1
22	1
23	1
24	1
25	0
26	1
27	1
28	0
29	0
30	1
31	0
32	1
33	0
34	1
35	1
36	1
37	1
38	0
39	1
40	0
41	1
42	1
43	1
44	0
45	1
46	1
47	0
48	1
49	0
50	1
51	1
52	1
53	1
54	1
55	1
56	0
57	0
58	1
59	1
60	1
61	0
62	0
63	1
64	0
65	1
66	1
67	0
68	0
69	1
70	1
71	0
72	1
73	1
74	1
75	1
76	1
77	1
78	0
79	1
80	0
81	1
82	1
83	1
84	0
85	1
86	1
87	1
88	0
89	0
90	0
91	0
92	1
93	1
94	0
95	0
96	0
97	1
98	0
99	1
100	1
101	1
102	1
103	0
104	1
105	0
106	1
107	1
108	1
109	0
110	0
111	0
112	1
113	1
114	1
115	1
116	0
117	1
118	1
119	1
120	1
121	1
122	0
123	1
124	0
125	1
126	0
127	0
128	1
129	0
130	1
131	1
132	1
133	1
134	1
135	0
136	1
137	0
138	1
139	0
140	1
141	0
142	1
143	1
144	1
145	0
146	0
147	1
148	0
149	1
150	1
151	1
152	1
153	1
154	1
155	1
156	0
157	0
158	1
159	1
160	0
161	1
162	1
163	0
164	1
165	1
166	1
167	1
168	0
169	1
170	1
171	0
172	1
173	1
174	0
175	1
176	1
177	0
178	0
179	1
180	1
181	0
182	1
183	1
184	1
185	0
186	0
187	0
188	0
189	0
190	1
191	0
192	0
193	0
194	1
195	1
196	1
197	1
198	1
199	1
200	1
201	1
202	1
203	1
204	1
205	1
206	0
207	1
208	1
209	0
210	1
211	1
212	1
213	1
214	1
215	1
216	1
217	1
218	1
219	1
220	1
221	1
222	0
223	0
224	1
225	1
226	1
227	1
228	0
229	1
230	0
231	1
232	1
233	0
234	0
235	0
236	1
237	1
238	1
239	1
240	1
241	1
242	0
243	0
244	1
245	0
246	1
247	1
248	1
249	1
250	1
251	0
252	1
253	1
254	1
255	1
256	0
257	0
258	1
259	1
260	1
261	1
262	1
263	0
264	1
265	1
266	1
267	0
268	1
269	1
270	1
271	1
272	1
273	0
274	0
275	1
276	1
277	1
278	1
279	1
280	1
281	0
282	0
283	0
284	1
285	0
286	0
287	1
288	1
289	0
290	1
291	1
292	0
293	1
294	0
295	1
296	1
297	0
298	1
299	1
300	1
301	1
302	1
303	1
304	1
305	1
306	0
307	1
308	0
309	1
310	0
311	1
312	1
313	0
314	1
315	0
316	1
317	1
318	0
319	1
320	1
321	0
322	1
323	1
324	0
325	1
326	1
327	1
328	0
329	1
330	1
331	0
332	1
333	1
334	0
335	1
336	0
337	1
338	1
339	0
340	1
341	0
342	0
343	0
344	1
345	1
346	0
347	0
348	1
349	0
350	0
351	0
352	1
353	1
354	1
355	0
356	1
357	1
358	0
359	1
360	0
361	1
362	1
363	0
364	0
365	1
366	0
367	0
368	1
369	1
370	1
371	1
372	1
373	0
374	1
375	0
376	1
377	1
378	1
379	0
380	1
381	1
382	0
383	1
384	0
385	1
386	0
387	1
388	1
389	1
390	1
391	0
392	1
393	1
394	1
395	1
396	1
397	0
398	0
399	1
400	1
401	1
402	1
403	1
404	1
405	1
406	1
407	1
408	1
409	1
410	1
411	0
412	1
413	1
414	1
415	1
416	1
417	0
418	1
419	1
420	0
421	0
422	1
423	0
424	1
425	0
426	1
427	0
428	1
429	1
430	0
431	1
432	0
433	0
434	0
435	0
436	1
437	1
438	0
439	1
440	1
441	0
442	1
443	1
444	1
445	0
446	0
447	1
448	1
449	0
450	1
451	1
452	1
453	1
454	0
455	0
456	1
457	0
458	1
459	1
460	0
461	1
462	1
463	1
464	1
465	1
466	0
467	1
468	1
469	0
470	0
471	1
472	0
473	1
474	0
475	0
476	1
477	0
478	1
479	1
480	1
481	0
482	0
483	1
484	1
485	1
486	0
487	0
488	0
489	1
490	1
491	0
492	1
493	1
494	0
495	0
496	1
497	1
498	0
499	1
500	1
501	1
502	1
503	1
504	1
505	0
506	1
507	1
508	0
509	1
510	1
511	1
512	1
513	0
514	1
515	0
516	0
517	1
518	1
519	1
520	1
521	1
522	1
523	1
524	1
525	1
526	0
527	1
528	0
529	1
530	1
531	0
532	1
533	0
534	0
535	0
536	1
537	1
538	1
539	0
540	1
541	1
542	0
543	0
544	1
545	0
546	1
547	1
548	0
549	0
550	1
551	1
552	0
553	1
554	0
555	1
556	1
557	0
558	0
559	0
560	0
561	0
562	1
563	1
564	0
565	0
566	0
567	0
568	0
569	1
570	0
571	0
572	1
573	0
574	0
575	0
576	1
577	1
578	0
579	1
580	0
581	1
582	0
583	0
584	0
585	0
586	0
587	0
588	1
589	0
590	1
591	0
592	0
593	1
594	0
595	1
596	0
597	1
598	1
599	0
600	1
601	1
602	1
603	0
604	1
605	0
606	0
607	1
608	1
609	1
610	0
611	0
612	0
613	1
614	0
615	1
616	1
617	1
618	0
619	1
620	1
621	1
622	0
623	1
624	1
625	0
626	0
627	0
628	0
629	0
630	1
631	0
632	1
633	1
634	0
635	1
636	1
637	1
638	0
639	0
640	1
641	0
642	1
643	1
644	1
645	1
646	1
647	0
648	1
649	0
650	1
651	1
652	1
653	1
654	0
655	1
656	0
657	1
658	0
659	0
660	0
661	0
662	0
663	1
664	1
665	1
666	1
667	1
668	1
669	1
670	1
671	1
672	0
673	0
674	1
675	1
676	1
677	0
678	1
679	0
680	1
681	0
682	1
683	0
684	1
685	1
686	1
687	1
688	1
689	1
690	0
691	0
692	1
693	0
694	0
695	0
696	0
697	0
698	1
699	1
700	0
701	1
702	1
703	0
704	1
705	0
706	1
707	0
708	1
709	1
710	0
711	0
712	1
713	1
714	0
715	1
716	0
717	1
718	1
719	1
720	0
721	1
722	1
723	0
724	1
725	1
726	0
727	1
728	1
729	0
730	0
731	1
732	0
733	1
734	1
735	1
736	1
737	0
738	0
739	1
740	0
741	1
742	1
743	1
744	0
745	1
746	1
747	1
748	1
749	1
750	0
751	0
752	1
753	0
754	0
755	1
756	1
757	1
758	0
759	1
760	1
761	1
762	1
763	0
764	1
765	1
766	1
767	1
768	0
769	0
770	1
771	1
772	0
773	1
774	1
775	1
776	1
777	1
778	0
779	1
780	1
781	1
782	1
783	0
784	1
785	1
786	1
787	1
788	0
789	1
790	1
791	0
792	1
793	0
794	1
795	1
796	1
797	1
798	1
799	1
800	1
801	1
802	1
803	0
804	1
805	1
806	1
807	1
808	1
809	1
810	1
811	1
812	1
813	1
814	0
815	1
816	1
817	1
818	1
819	1
820	1
821	1
822	1
823	1
824	1
825	0
826	0
827	1
828	1
829	0
830	0
831	0
832	1
833	1
834	1
835	1
836	0
837	1
838	0
839	1
840	0
841	1
842	1
843	0
844	0
845	0
846	0
847	0
848	0
849	1
850	0
851	1
852	1
853	1
854	1
855	0
856	1
857	0
858	1
859	1
860	0
861	0
862	0
863	1
864	1
865	1
866	1
867	0
868	1
869	1
870	1
871	1
872	0
873	0
874	1
875	0
876	0
877	1
878	0
879	1
880	1
881	1
882	1
883	1
884	1
885	0
886	1
887	1
888	1
889	1
890	0
891	0
892	0
893	0
894	1
895	1
896	1
897	0
898	1
899	0
900	0
901	1
902	0
903	1
904	0
905	0
906	1
907	1
908	1
909	0
910	0
911	1
912	1
913	1
914	1
915	1
916	1
917	1
918	0
919	1
920	1
921	0
922	1
923	0
924	0
925	1
926	1
927	0
928	1
929	1
930	1
931	0
932	1
933	1
934	0
935	1
936	0
937	0
938	0
939	0
940	0
941	1
942	0
943	1
944	1
945	0
946	1
947	1
948	0
949	0
950	1
951	0
952	0
953	0
954	0
955	1
956	0
957	1
958	0
959	0
960	0
961	0
962	1
963	0
964	1
965	1
966	1
967	1
968	0
969	1
970	0
971	0
972	1
973	1
974	0
975	0
976	0
977	1
978	1
979	1
980	1
981	0
982	1
983	0
984	0
985	1
986	0
987	0
988	0
989	1
990	1
991	1
992	0
993	1
994	0
995	1
996	0
997	0
998	0
999	0
1000	1
1001	0
1002	0
1003	0
1004	0
1005	0
1006	0
1007	0
1008	1
1009	1
1010	0
1011	0
1012	0
1013	0
1014	0
1015	0
1016	1
1017	0
1018	1
1019	1
1020	1
1021	1
1022	1
1023	0
1024	1
1025	1
1026	0
1027	0
1028	0
1029	0
1030	1
1031	0
1032	1
1033	1
1034	1
1035	1
1036	1
1037	0
1038	1
1039	0
1040	1
1041	1
1042	1
1043	0
1044	1
1045	0
1046	1
1047	1
1048	0
1049	1
1050	1
1051	1
1052	1
1053	0
1054	0
1055	1
1056	0
1057	1
1058	0
1059	1
1060	1
1061	1
1062	1
1063	1
1064	1
1065	1
1066	1
1067	0
1068	0
1069	1
1070	0
1071	1
1072	1
1073	1
1074	0
1075	1
1076	0
1077	1
1078	1
1079	0
1080	0
1081	1
1082	0
1083	1
1084	1
1085	0
1086	0
1087	0
1088	1
1089	0
1090	1
1091	0
1092	1
1093	0
1094	1
1095	0
1096	1
1097	1
1098	0
1099	0
1100	0
1101	0
1102	0
1103	1
1104	0
1105	1
1106	0
1107	1
1108	0
1109	0
1110	1
1111	1
1112	1
1113	1
1114	1
1115	0
1116	0
1117	0
1118	1
1119	0
1120	0
1121	1
1122	0
1123	1
1124	1
1125	1
1126	0
1127	1
1128	0
1129	1
1130	0
1131	1
1132	1
1133	0
1134	0
1135	0
1136	0
1137	1
1138	1
1139	0
1140	1
1141	1
1142	0
1143	1
1144	1
1145	1
1146	1
1147	0
1148	1
1149	0
1150	0
1151	0
1152	1
1153	0
1154	1
1155	1
1156	1
1157	0
1158	1
1159	1
1160	0
1161	0
1162	1
1163	1
1164	1
1165	0
1166	0
1167	1
1168	1
1169	0
1170	1
1171	0
1172	0
1173	1
1174	0
1175	0
1176	0
1177	1
1178	1
1179	1
1180	0
1181	1
1182	0
1183	0
1184	0
1185	0
1186	1
1187	0
1188	1
1189	0
1190	1
1191	0
1192	1
1193	0
1194	0
1195	1
1196	1
1197	1
1198	0
1199	1
1200	1
1201	0
1202	0
1203	0
1204	0
1205	1
1206	0
1207	0
1208	0
1209	0
1210	0
1211	0
1212	1
1213	0
1214	0
1215	0
1216	1
1217	0
1218	1
1219	0
1220	0
1221	0
1222	0
