0	0
1	0
2	1
3	0
4	0
5	1
6	1
7	0
8	1
9	0
10	1
11	0
12	0
13	0
14	1
15	1
16	0
17	1
18	0
19	0
20	1
21	1
22	0
23	1
24	0
25	1
26	1
27	0
28	0
29	1
30	0
31	1
32	0
33	0
34	1
35	0
36	1
37	1
38	0
39	1
40	1
41	1
42	0
43	1
44	0
45	1
46	1
47	0
48	0
49	1
50	1
51	0
52	0
53	1
54	0
55	0
56	0
57	1
58	0
59	1
60	0
61	1
62	1
63	1
64	0
65	0
66	0
67	1
68	1
69	1
70	0
71	0
72	1
73	1
74	1
75	0
76	1
77	1
78	0
79	1
80	1
81	1
82	0
83	1
84	1
85	0
86	1
87	0
88	1
89	1
90	1
91	0
92	1
93	0
94	0
95	0
96	1
97	1
98	1
99	1
100	0
101	1
102	0
103	1
104	0
105	0
106	0
107	0
108	0
109	0
110	0
111	0
112	1
113	0
114	0
115	0
116	0
117	0
118	0
119	0
120	1
121	1
122	0
123	0
124	1
125	0
126	1
127	1
128	0
129	1
130	0
131	0
132	0
133	1
134	1
135	0
136	0
137	0
138	0
139	1
140	1
141	0
142	0
143	0
144	1
145	0
146	1
147	0
148	0
149	0
150	0
151	0
152	0
153	0
154	1
155	0
156	1
157	1
158	0
159	0
160	0
161	1
162	0
163	1
164	0
165	1
166	0
167	0
168	0
169	0
170	1
171	1
172	1
173	0
174	1
175	1
176	0
177	1
178	1
179	0
180	1
181	0
182	1
183	0
184	1
185	0
186	0
187	1
188	0
189	1
190	0
191	1
192	0
193	0
194	0
195	0
196	0
197	0
198	1
199	1
200	1
201	0
202	1
203	1
204	1
205	1
206	0
207	1
208	1
209	1
210	1
211	0
212	0
213	1
214	0
215	1
216	0
217	1
218	0
219	1
220	1
221	1
222	0
223	0
224	1
225	0
226	0
227	0
228	0
229	0
230	0
231	1
232	0
233	0
234	1
235	1
236	0
237	1
238	1
239	1
240	1
241	0
242	1
243	1
244	1
245	0
246	0
247	0
248	0
249	0
250	1
251	0
252	0
253	0
254	1
255	0
256	0
257	0
258	0
259	1
260	1
261	0
262	0
263	0
264	1
265	0
266	1
267	1
268	0
269	0
270	0
271	1
272	0
273	1
274	0
275	0
276	1
277	1
278	0
279	0
280	0
281	1
282	1
283	0
284	0
285	1
286	1
287	1
288	0
289	1
290	0
291	1
292	1
293	1
294	0
295	0
296	1
297	1
298	1
299	1
300	1
301	1
302	0
303	1
304	0
305	1
306	0
307	0
308	1
309	0
310	1
311	0
312	0
313	0
314	1
315	1
316	1
317	1
318	1
319	0
320	0
321	0
322	0
323	0
324	1
325	1
326	0
327	1
328	1
329	0
330	1
331	0
332	0
333	1
334	0
335	0
336	0
337	0
338	0
339	0
340	1
341	0
342	1
343	1
344	0
345	1
346	0
347	1
348	0
349	0
350	1
351	0
352	1
353	0
354	1
355	1
356	1
357	0
358	0
359	1
360	1
361	1
362	0
363	0
364	0
365	1
366	0
367	0
368	1
369	0
370	1
371	1
372	1
373	0
374	0
375	0
376	1
377	1
378	1
379	0
380	1
381	0
382	1
383	0
384	0
385	0
386	1
387	1
388	0
389	0
390	0
391	0
392	0
393	1
394	0
395	0
396	1
397	0
398	1
399	0
400	0
401	1
402	0
403	1
404	0
405	1
406	1
407	1
408	1
409	0
410	0
411	1
412	0
413	1
414	1
415	0
416	0
417	0
418	0
419	0
420	1
421	1
422	1
423	0
424	1
425	0
426	0
427	1
428	1
429	1
430	0
431	0
432	1
433	0
434	1
435	0
436	1
437	1
438	0
439	1
440	1
441	0
442	0
443	0
444	0
445	0
446	0
447	0
448	0
449	0
450	0
451	1
452	0
453	1
454	0
455	1
456	0
457	1
458	1
459	0
460	1
461	0
462	0
463	1
464	1
465	1
466	1
467	0
468	0
469	1
470	0
471	0
472	0
473	0
474	0
475	0
476	0
477	0
478	1
479	1
480	1
481	1
482	0
483	0
484	0
485	1
486	0
487	1
488	0
489	0
490	0
491	0
492	1
493	1
494	1
495	1
496	0
497	1
498	0
499	0
500	0
501	1
502	0
503	0
504	0
505	1
506	1
507	0
508	1
509	1
510	0
511	1
512	0
513	0
514	0
515	1
516	1
517	1
518	1
519	0
520	0
521	1
522	0
523	1
524	1
525	0
526	0
527	1
528	1
529	1
530	0
531	0
532	0
533	1
534	0
535	0
536	1
537	1
538	1
539	1
540	0
541	0
542	1
543	0
544	0
545	0
546	1
547	0
548	1
549	0
550	0
551	0
552	1
553	0
554	0
555	0
556	1
557	1
558	1
559	1
560	0
561	0
562	0
563	1
564	0
565	0
566	0
567	0
568	0
569	1
570	1
571	1
572	1
573	0
574	0
575	1
576	0
577	1
578	0
579	1
580	1
581	1
582	1
583	0
584	1
585	1
586	1
587	0
588	1
589	1
590	0
591	1
592	1
593	0
594	0
595	0
596	1
597	1
598	0
599	0
600	1
601	0
602	0
603	1
604	1
605	0
606	1
607	0
608	0
609	0
610	1
611	1
612	0
613	1
614	1
615	0
616	0
617	0
618	0
619	0
620	0
621	1
622	0
623	1
624	0
625	1
626	1
627	1
628	0
629	1
630	0
631	1
632	0
633	0
634	0
635	0
636	1
637	0
638	0
639	0
640	0
641	0
642	0
643	0
644	1
645	1
646	0
647	0
648	0
649	0
650	1
651	0
652	0
653	0
654	0
655	0
656	0
657	1
658	0
659	1
660	0
661	0
662	0
663	1
664	0
665	0
666	1
667	0
668	1
669	1
670	1
671	1
672	0
673	1
674	1
675	1
676	0
677	1
678	1
679	0
680	1
681	1
682	0
683	0
684	1
685	0
686	1
687	0
688	0
689	1
690	0
691	0
692	0
693	1
694	0
695	0
696	0
697	0
698	1
699	1
700	1
701	1
702	0
703	1
704	0
705	0
706	1
707	0
708	1
709	0
710	1
711	1
712	1
713	0
714	1
715	1
716	1
717	0
718	0
719	0
720	0
721	0
722	1
723	0
724	0
725	0
726	0
727	0
728	1
729	0
730	0
731	0
732	1
733	0
734	0
735	0
736	0
737	1
738	0
739	1
740	0
741	0
742	1
743	1
744	1
745	0
746	1
747	1
748	1
749	1
750	1
751	0
752	1
753	0
754	0
755	0
756	0
757	1
758	1
759	1
760	0
761	0
762	1
763	0
764	0
765	1
766	0
767	0
768	1
769	1
770	1
771	0
772	0
773	1
774	0
775	0
776	1
777	0
778	0
779	0
780	1
781	1
782	1
783	1
784	0
785	0
786	1
787	1
788	0
789	0
790	0
791	0
792	0
793	0
794	1
795	1
796	0
797	1
798	0
799	0
800	0
801	0
802	0
803	1
804	1
805	1
806	0
807	1
808	1
809	0
810	0
811	0
812	0
813	1
814	0
815	0
816	1
817	0
818	1
819	1
820	0
821	1
822	0
823	0
824	0
825	0
826	0
827	0
828	1
829	0
830	1
831	0
832	1
833	0
834	1
835	0
836	1
837	0
838	1
839	0
840	1
841	1
842	1
843	0
844	1
845	0
846	1
847	0
848	0
849	0
850	1
851	0
852	0
853	0
854	1
855	0
856	1
857	1
858	1
859	0
860	1
861	0
862	1
863	1
864	0
865	0
866	0
867	0
868	0
869	0
870	0
871	1
872	1
873	0
874	0
875	1
876	0
877	1
878	0
879	1
880	0
881	0
882	0
883	0
884	0
885	1
886	1
887	1
888	1
889	1
890	1
891	0
892	0
893	0
894	1
895	0
896	0
897	0
898	0
899	1
900	1
901	1
902	0
903	0
904	1
905	1
906	1
907	0
908	0
909	1
910	1
911	1
912	0
913	0
914	1
915	1
916	1
917	1
918	1
919	0
920	1
921	0
922	0
923	1
924	1
925	0
926	0
927	1
928	0
929	0
930	0
931	1
932	0
933	1
934	0
935	0
936	1
937	1
938	0
939	0
940	0
941	1
942	0
943	0
944	1
945	0
946	1
947	0
948	1
949	0
950	1
951	0
952	0
953	0
954	0
955	0
956	0
957	1
958	0
959	0
960	0
961	1
962	0
963	0
964	1
965	0
966	0
967	0
968	0
