0	1
1	1
2	0
3	1
4	1
5	1
6	1
7	0
8	1
9	1
10	1
11	0
12	0
13	1
14	1
15	1
16	1
17	0
18	1
19	1
20	1
21	0
22	1
23	1
24	0
25	1
26	1
27	1
28	1
29	1
30	1
31	1
32	0
33	1
34	1
35	0
36	0
37	0
38	1
39	0
40	1
41	0
42	0
43	1
44	0
45	1
46	0
47	0
48	1
49	0
50	0
51	1
52	1
53	1
54	0
55	0
56	1
57	0
58	0
59	1
60	1
61	1
62	0
63	0
64	0
65	1
66	1
67	0
68	0
69	0
70	1
71	1
72	0
73	0
74	1
75	1
76	1
77	0
78	1
79	1
80	1
81	1
82	0
83	0
84	0
85	1
86	0
87	0
88	0
89	1
90	1
91	0
92	1
93	0
94	1
95	0
96	1
97	1
98	1
99	1
100	0
101	1
102	0
103	0
104	1
105	1
106	1
107	1
108	1
109	0
110	0
111	1
112	1
113	0
114	1
115	1
116	0
117	1
118	0
119	1
120	0
121	0
122	1
123	0
124	1
125	1
126	0
127	1
128	0
129	1
130	0
131	1
132	1
133	1
134	0
135	1
136	1
137	0
138	1
139	1
140	1
141	1
142	0
143	0
144	0
145	1
146	0
147	1
148	1
149	0
150	1
151	0
152	0
153	1
154	1
155	0
156	0
157	1
158	1
159	0
160	1
161	1
162	0
163	0
164	0
165	0
166	0
167	1
168	1
169	1
170	1
171	1
172	1
173	1
174	1
175	1
176	1
177	1
178	1
179	1
180	0
181	0
182	1
183	0
184	0
185	1
186	0
187	1
188	0
189	1
190	1
191	1
192	1
193	0
194	1
195	1
196	1
197	0
198	0
199	1
200	1
201	1
202	1
203	0
204	1
205	0
206	0
207	1
208	1
209	1
210	1
211	1
212	0
213	1
214	1
215	0
216	1
217	1
218	1
219	1
220	1
221	1
222	1
223	0
224	1
225	1
226	0
227	0
228	1
229	0
230	1
231	1
232	1
233	0
234	0
235	0
236	0
237	0
238	0
239	1
240	0
241	0
242	1
243	0
244	1
245	1
246	0
247	0
248	1
249	1
250	1
251	1
252	1
253	1
254	1
255	1
256	1
257	1
258	0
259	0
260	1
261	0
262	0
263	1
264	0
265	1
266	0
267	1
268	1
269	1
270	1
271	1
272	0
273	1
274	0
275	1
276	1
277	0
278	0
279	1
280	1
281	0
282	1
283	1
284	1
285	1
286	0
287	1
288	1
289	1
290	0
291	1
292	1
293	1
294	0
295	1
296	0
297	0
298	1
299	1
300	1
301	1
302	0
303	0
304	0
305	0
306	1
307	0
308	1
309	1
310	1
311	0
312	1
313	0
314	1
315	1
316	1
317	1
318	0
319	1
320	1
321	1
322	1
323	1
324	1
325	1
326	0
327	0
328	1
329	1
330	0
331	0
332	1
333	1
334	1
335	0
336	0
337	0
338	1
339	1
340	0
341	1
342	1
343	1
344	1
345	1
346	1
347	0
348	1
349	1
350	0
351	0
352	0
353	1
354	1
355	0
356	1
357	0
358	1
359	0
360	0
361	1
362	1
363	0
364	1
365	0
366	1
367	1
368	0
369	1
370	1
371	1
372	1
373	0
374	1
375	0
376	0
377	0
378	0
379	1
380	1
381	1
382	0
383	0
384	1
385	0
386	1
387	1
388	1
389	0
390	1
391	0
392	1
393	0
394	1
395	1
396	1
397	1
398	0
399	0
400	1
401	0
402	1
403	1
404	0
405	0
406	0
407	0
408	0
409	0
410	1
411	1
412	0
413	1
414	0
415	1
416	0
417	1
418	0
419	0
420	1
421	0
422	1
423	1
424	1
425	0
426	1
427	1
428	1
429	0
430	1
431	0
432	1
433	1
434	0
435	1
436	1
437	0
438	0
439	0
440	1
441	1
442	0
443	0
444	1
445	1
446	0
447	0
448	1
449	1
450	0
451	1
452	1
453	0
454	1
455	0
456	1
457	1
458	1
459	1
460	1
461	1
462	1
463	0
464	0
465	1
466	0
467	1
468	1
469	1
470	0
471	1
472	1
473	1
474	1
475	1
476	1
477	1
478	0
479	0
480	1
481	0
482	0
483	1
484	1
485	1
486	0
487	1
488	1
489	1
490	1
491	1
492	1
493	1
494	0
495	1
496	0
497	1
498	0
499	1
500	0
501	1
502	0
503	1
504	0
505	0
506	0
507	1
508	1
509	1
510	1
511	1
512	1
513	1
514	1
515	0
516	1
517	0
518	0
519	0
520	1
521	1
522	1
523	1
524	0
525	1
526	1
527	1
528	0
529	0
530	0
531	0
532	0
533	0
534	1
535	1
536	1
537	1
538	1
539	0
540	0
541	1
542	0
543	1
544	1
545	1
546	1
547	0
548	1
549	0
550	1
551	0
552	1
553	1
554	1
555	1
556	1
557	0
558	0
559	1
560	0
561	1
562	1
563	0
564	1
565	1
566	0
567	1
568	0
569	0
570	1
571	0
572	0
573	0
574	1
575	1
576	0
577	1
578	1
579	0
580	0
581	1
582	0
583	1
584	1
585	0
586	0
587	1
588	0
589	1
590	1
591	1
592	0
593	1
594	1
595	0
596	1
597	1
598	1
599	0
600	1
601	0
602	0
603	1
604	1
605	0
606	1
607	1
608	1
609	1
610	1
611	1
612	1
613	1
614	0
615	0
616	0
617	1
618	0
619	0
620	1
621	1
622	1
623	0
624	1
625	0
626	1
627	0
628	1
629	1
630	1
631	0
632	1
633	0
634	1
635	1
636	0
637	1
638	1
639	1
640	1
641	1
642	1
643	0
644	1
645	1
646	1
647	1
648	0
649	1
650	0
651	1
652	0
653	0
654	0
655	1
656	1
657	0
658	0
659	0
660	0
661	0
662	1
663	0
664	1
665	1
666	0
667	0
668	0
669	1
670	1
671	0
672	0
673	1
674	1
675	1
676	0
677	1
678	1
679	0
680	1
681	1
682	0
683	0
684	0
685	0
686	0
687	1
688	0
689	0
690	0
691	1
692	0
693	1
694	1
695	0
696	1
697	0
698	1
699	1
700	1
701	1
702	0
703	1
704	1
705	0
706	0
707	1
708	1
709	1
710	0
711	1
712	0
713	1
714	1
715	1
716	1
717	0
718	1
719	1
720	0
721	1
722	1
723	1
724	1
725	0
726	0
727	1
728	1
729	0
730	0
731	1
732	1
733	0
734	0
735	0
736	1
737	0
738	1
739	1
740	1
741	1
742	1
743	0
744	1
745	0
746	1
747	1
748	1
749	1
750	1
751	1
752	1
753	0
754	0
755	1
756	0
757	1
758	1
759	1
760	1
761	0
762	0
763	1
764	1
765	0
766	1
767	1
768	1
769	1
770	0
771	0
772	1
773	0
774	1
775	1
776	1
777	1
778	1
779	1
780	1
781	1
782	1
783	1
784	1
785	1
786	1
787	1
788	1
789	1
790	1
791	0
792	1
793	1
794	1
795	0
796	1
797	1
798	0
799	1
800	0
801	1
802	0
803	1
804	1
805	0
806	1
807	0
808	1
809	1
810	0
811	1
812	1
813	1
814	1
815	0
816	1
817	0
818	0
819	0
820	1
821	0
822	1
823	1
824	1
825	1
826	0
827	1
828	0
829	0
830	0
831	0
832	1
833	0
834	1
835	0
836	0
837	0
838	1
839	0
840	1
841	1
842	1
843	1
844	1
845	0
846	1
847	1
848	1
849	1
850	1
851	0
852	1
853	0
854	0
855	1
856	1
857	0
858	1
859	0
860	1
861	1
862	1
863	1
864	0
865	1
866	0
867	0
868	1
869	1
870	1
871	1
872	1
873	0
874	1
875	1
876	1
877	1
878	0
879	1
880	0
881	1
882	1
883	1
884	0
885	1
886	1
887	1
888	1
889	0
890	0
891	1
892	0
893	1
894	0
895	1
896	1
897	1
898	1
899	1
900	1
901	1
902	1
903	1
904	1
905	0
906	1
907	1
908	1
909	0
910	0
911	1
912	0
913	0
914	1
915	1
916	0
917	1
918	1
919	1
920	0
921	1
922	1
923	1
924	0
925	1
926	0
927	1
928	0
929	1
930	1
931	1
932	1
933	1
934	1
935	1
936	0
937	1
938	0
939	1
940	0
941	1
942	1
943	0
944	1
945	0
946	1
947	1
948	1
949	1
950	1
951	0
952	1
953	1
954	1
955	1
956	1
957	1
958	1
959	0
960	1
961	1
962	1
963	1
964	1
965	0
966	1
967	0
968	1
969	1
970	0
971	1
972	1
973	1
974	0
975	1
976	1
977	1
978	1
979	1
980	0
981	0
982	1
983	0
984	0
985	1
986	0
987	1
988	1
989	1
990	1
991	1
992	0
993	0
994	0
995	0
996	0
997	0
998	1
999	1
1000	0
1001	0
1002	1
1003	1
1004	1
1005	1
1006	0
1007	1
1008	1
1009	0
1010	1
1011	1
1012	0
1013	0
1014	1
1015	1
1016	1
1017	0
1018	0
1019	1
1020	1
1021	1
1022	1
1023	1
1024	0
1025	0
1026	0
1027	0
1028	1
1029	0
1030	1
1031	1
1032	1
1033	1
1034	1
1035	1
1036	0
1037	1
1038	0
1039	0
1040	1
1041	0
1042	1
1043	1
1044	0
1045	0
1046	0
1047	0
1048	0
1049	0
1050	0
1051	1
1052	1
1053	0
1054	1
1055	0
1056	0
1057	1
1058	0
1059	0
1060	1
1061	0
1062	0
1063	0
1064	0
1065	0
1066	1
1067	1
1068	1
1069	1
1070	1
1071	1
1072	0
1073	0
1074	1
1075	1
1076	0
1077	1
1078	1
1079	0
1080	0
1081	0
1082	1
1083	1
1084	0
1085	0
1086	0
1087	0
1088	0
1089	1
1090	1
1091	1
1092	1
1093	0
1094	0
1095	0
1096	1
1097	0
1098	0
1099	1
1100	1
1101	1
1102	1
1103	1
1104	1
1105	0
1106	1
1107	1
1108	1
1109	1
1110	0
1111	0
1112	1
1113	1
1114	0
1115	1
1116	0
1117	1
1118	0
1119	1
1120	0
1121	1
1122	1
1123	0
1124	0
1125	1
1126	1
1127	1
1128	1
1129	0
1130	0
1131	1
1132	1
1133	0
1134	1
1135	0
1136	0
1137	0
1138	1
1139	1
1140	0
1141	1
1142	0
1143	1
1144	1
1145	1
1146	1
1147	0
1148	0
1149	1
1150	1
1151	0
1152	1
1153	1
1154	1
1155	0
1156	1
1157	0
1158	0
1159	1
1160	1
1161	1
1162	1
1163	0
1164	0
1165	1
1166	1
1167	0
1168	1
1169	1
1170	1
1171	1
1172	1
1173	1
1174	1
1175	0
1176	0
1177	1
1178	0
1179	1
1180	1
1181	0
1182	1
1183	1
1184	1
1185	0
1186	1
1187	1
1188	1
1189	1
1190	1
1191	0
1192	1
1193	1
1194	1
1195	1
1196	1
1197	1
1198	0
1199	0
1200	0
1201	1
1202	1
1203	0
1204	0
1205	1
1206	0
1207	1
1208	1
1209	0
1210	1
1211	0
1212	0
1213	1
1214	1
1215	1
1216	1
1217	1
1218	1
1219	0
1220	1
1221	1
1222	0
1223	1
1224	1
1225	1
1226	1
1227	1
1228	1
1229	1
1230	1
1231	0
1232	1
1233	1
1234	1
1235	0
1236	1
1237	1
1238	1
1239	1
1240	1
1241	1
1242	1
1243	1
1244	0
1245	1
1246	1
1247	0
1248	0
1249	0
1250	0
1251	1
1252	1
1253	1
1254	1
1255	0
1256	0
1257	1
1258	1
1259	1
1260	1
1261	1
1262	1
1263	1
1264	1
1265	1
1266	0
1267	1
1268	0
1269	0
1270	1
1271	0
1272	0
1273	1
1274	0
1275	1
1276	1
1277	0
1278	0
1279	0
1280	0
1281	1
1282	1
1283	1
1284	1
1285	1
1286	0
1287	1
1288	0
1289	1
1290	0
1291	0
1292	0
1293	0
1294	1
1295	0
1296	0
1297	0
1298	1
1299	1
1300	1
1301	1
1302	1
1303	1
1304	0
1305	1
1306	0
1307	1
1308	1
1309	0
1310	1
1311	0
1312	1
1313	1
1314	1
1315	0
1316	1
1317	0
1318	1
1319	0
1320	0
1321	1
1322	1
1323	0
1324	0
1325	1
1326	1
1327	1
1328	1
1329	0
1330	1
1331	1
1332	1
1333	1
1334	1
1335	0
1336	0
1337	1
1338	1
1339	1
1340	1
1341	0
1342	0
1343	1
1344	1
1345	0
1346	1
1347	1
1348	0
1349	0
1350	0
1351	1
1352	1
1353	0
1354	0
1355	0
1356	0
1357	1
1358	0
1359	1
1360	1
1361	1
1362	0
1363	0
1364	1
1365	1
1366	1
1367	1
1368	1
1369	0
1370	1
1371	1
1372	1
1373	1
1374	1
1375	1
1376	0
1377	1
1378	1
1379	1
1380	1
1381	1
1382	1
1383	0
1384	1
1385	1
1386	1
1387	1
1388	0
1389	0
1390	0
1391	1
1392	1
1393	1
1394	1
1395	1
1396	0
1397	0
1398	1
1399	0
1400	1
1401	1
1402	0
1403	0
1404	1
1405	1
1406	1
1407	1
1408	1
1409	0
1410	1
1411	0
1412	0
1413	0
1414	0
1415	0
1416	0
1417	0
1418	0
1419	1
1420	1
1421	0
1422	1
1423	0
1424	0
1425	0
1426	0
1427	1
1428	1
1429	0
1430	0
1431	0
1432	0
1433	1
1434	1
1435	1
1436	0
1437	1
1438	0
1439	1
1440	0
1441	1
1442	1
1443	0
1444	1
1445	0
1446	0
1447	0
1448	1
1449	1
1450	0
1451	0
1452	0
1453	1
1454	0
1455	0
1456	1
1457	0
1458	1
1459	1
1460	1
1461	0
1462	1
1463	0
1464	0
1465	0
1466	0
1467	1
1468	0
1469	1
1470	0
1471	1
1472	0
1473	0
1474	1
1475	1
1476	0
1477	1
1478	0
1479	1
1480	0
1481	1
1482	1
1483	1
1484	0
1485	1
1486	1
1487	0
1488	1
1489	1
1490	1
1491	0
1492	0
1493	0
1494	1
1495	1
1496	1
1497	1
1498	1
1499	1
1500	0
1501	0
1502	1
1503	1
1504	0
1505	0
1506	0
1507	1
1508	1
1509	1
1510	0
1511	1
1512	0
1513	1
1514	0
1515	1
1516	1
1517	0
1518	0
1519	1
1520	0
1521	0
1522	1
1523	1
1524	0
1525	1
1526	1
1527	0
1528	0
1529	0
1530	1
1531	1
1532	1
1533	1
1534	1
1535	0
1536	1
1537	0
1538	1
1539	1
1540	1
1541	1
1542	1
1543	1
1544	1
1545	1
1546	1
1547	0
1548	0
1549	0
1550	1
1551	0
1552	0
1553	1
1554	1
1555	0
1556	0
1557	0
1558	1
1559	1
1560	1
1561	0
1562	1
1563	1
1564	1
1565	0
1566	1
1567	1
1568	1
1569	1
1570	1
1571	0
1572	1
1573	0
1574	0
1575	0
1576	1
1577	1
1578	1
1579	0
1580	0
1581	0
1582	1
1583	1
1584	0
1585	0
1586	0
1587	0
1588	0
1589	1
1590	1
1591	1
1592	1
1593	1
1594	0
1595	0
1596	1
1597	0
1598	1
1599	1
1600	1
1601	0
1602	0
1603	1
1604	0
1605	1
1606	0
1607	0
1608	1
1609	0
1610	1
1611	1
1612	0
1613	0
1614	1
1615	1
1616	1
1617	1
1618	0
1619	0
1620	1
1621	0
1622	0
1623	0
1624	0
1625	0
1626	1
1627	1
1628	1
1629	1
1630	0
1631	1
1632	1
1633	1
1634	1
1635	0
1636	1
1637	0
1638	0
1639	1
1640	0
1641	0
1642	0
1643	0
1644	0
1645	1
1646	0
1647	0
1648	1
1649	0
1650	0
1651	1
1652	1
1653	1
1654	0
1655	1
1656	1
1657	1
1658	1
1659	0
1660	0
1661	1
1662	0
1663	0
1664	0
1665	0
1666	1
1667	1
1668	0
1669	0
1670	1
1671	1
1672	1
1673	1
1674	1
1675	0
1676	0
1677	0
1678	0
1679	1
1680	1
1681	1
1682	0
1683	0
1684	0
1685	0
1686	1
1687	1
1688	0
1689	0
1690	1
1691	1
1692	0
1693	0
1694	0
1695	0
1696	0
1697	0
1698	0
1699	0
1700	0
1701	1
1702	0
1703	0
1704	1
1705	1
1706	1
1707	1
1708	0
1709	0
1710	1
1711	0
1712	0
1713	1
1714	0
1715	0
1716	1
1717	1
1718	1
1719	1
1720	0
1721	1
1722	1
1723	1
1724	1
1725	0
1726	1
1727	1
1728	1
1729	1
1730	1
1731	0
1732	1
1733	1
1734	1
1735	1
1736	1
1737	1
1738	1
1739	0
1740	0
1741	0
1742	1
1743	1
1744	1
1745	0
1746	1
1747	0
1748	1
1749	1
1750	0
1751	1
1752	0
1753	1
1754	0
1755	1
1756	0
1757	0
1758	1
1759	1
1760	0
1761	0
1762	1
1763	1
1764	0
1765	1
1766	0
1767	1
1768	0
1769	0
1770	0
1771	0
1772	0
1773	0
1774	1
1775	1
1776	0
1777	0
1778	0
1779	1
1780	1
1781	1
1782	0
1783	1
1784	0
1785	1
1786	0
1787	0
1788	1
1789	1
1790	0
1791	0
1792	1
1793	1
1794	1
1795	1
1796	1
1797	0
1798	1
1799	1
1800	0
1801	1
1802	0
1803	0
1804	1
1805	1
1806	1
1807	0
1808	0
1809	1
1810	0
1811	1
1812	1
1813	0
1814	0
1815	1
1816	0
1817	0
1818	0
1819	1
1820	0
1821	0
1822	1
1823	1
1824	0
1825	1
1826	1
1827	1
1828	0
1829	1
1830	0
1831	1
1832	0
1833	0
1834	0
1835	1
1836	0
1837	0
1838	1
1839	0
1840	0
1841	0
1842	0
1843	0
1844	0
1845	1
1846	1
1847	1
1848	1
1849	0
1850	1
1851	1
1852	0
1853	1
1854	1
1855	1
1856	1
1857	1
1858	1
1859	0
1860	0
1861	1
1862	1
1863	1
1864	1
1865	0
1866	0
1867	0
1868	1
1869	0
1870	1
1871	1
1872	1
1873	1
1874	1
1875	1
1876	1
1877	1
1878	0
1879	0
1880	0
1881	1
1882	0
1883	0
1884	0
1885	1
1886	0
1887	1
1888	1
1889	0
1890	1
1891	1
1892	1
1893	1
1894	0
1895	0
1896	1
1897	0
1898	1
1899	1
1900	0
1901	1
1902	0
1903	0
1904	0
1905	0
1906	1
1907	1
1908	1
1909	0
1910	0
1911	0
1912	0
1913	0
1914	0
1915	0
1916	0
1917	1
1918	1
1919	1
1920	0
1921	1
1922	1
1923	0
1924	1
1925	1
1926	1
1927	0
1928	0
1929	1
1930	1
1931	1
1932	1
1933	0
1934	0
1935	1
1936	1
1937	1
1938	0
1939	1
1940	0
1941	1
1942	0
1943	1
1944	1
1945	1
1946	1
1947	1
1948	1
1949	0
1950	1
1951	0
1952	0
1953	0
1954	1
1955	1
1956	1
1957	1
1958	0
1959	1
1960	0
1961	1
1962	1
1963	0
1964	0
1965	0
1966	1
1967	1
1968	0
1969	1
1970	0
1971	0
1972	0
1973	1
1974	1
1975	0
1976	1
1977	1
1978	0
1979	1
1980	1
1981	0
1982	1
1983	0
1984	0
1985	1
1986	0
1987	0
1988	1
1989	1
1990	0
1991	0
1992	1
1993	0
1994	1
1995	1
1996	0
1997	1
1998	0
1999	0
2000	1
2001	0
2002	1
2003	1
2004	1
2005	0
2006	0
2007	1
2008	0
2009	1
2010	0
2011	0
2012	1
2013	0
2014	1
2015	1
2016	1
2017	1
2018	1
2019	0
2020	0
2021	0
2022	1
2023	1
2024	0
2025	1
2026	0
2027	0
2028	0
2029	0
2030	1
2031	1
2032	1
2033	0
2034	1
2035	0
2036	0
2037	1
2038	0
2039	0
2040	1
2041	1
2042	0
2043	1
2044	0
2045	1
2046	1
2047	0
2048	0
2049	1
2050	1
2051	0
2052	0
2053	1
2054	1
2055	1
2056	1
2057	1
2058	1
2059	1
2060	0
2061	0
2062	1
2063	1
2064	0
2065	0
2066	1
2067	1
2068	1
2069	0
2070	1
2071	0
2072	0
2073	0
2074	0
2075	1
2076	0
2077	1
2078	1
2079	0
2080	1
2081	0
2082	1
2083	1
2084	0
2085	0
2086	1
2087	1
2088	1
2089	0
2090	1
2091	1
2092	0
2093	0
2094	1
2095	0
2096	0
2097	0
2098	1
2099	0
2100	0
2101	1
2102	1
2103	0
2104	1
2105	0
2106	1
2107	1
2108	1
2109	1
2110	0
2111	0
2112	1
2113	0
2114	0
2115	0
2116	0
2117	0
2118	1
2119	0
2120	1
2121	1
2122	0
2123	1
2124	1
2125	0
2126	1
2127	1
2128	1
2129	0
2130	0
2131	1
2132	0
2133	0
2134	1
2135	0
2136	1
2137	0
2138	0
2139	0
2140	0
2141	1
2142	0
2143	0
2144	0
2145	1
2146	1
2147	1
2148	1
2149	1
2150	1
2151	0
2152	1
2153	0
2154	1
2155	1
2156	0
2157	1
2158	0
2159	0
2160	1
2161	0
2162	1
2163	0
2164	0
2165	0
2166	0
2167	1
2168	0
2169	0
2170	0
2171	1
2172	1
2173	0
2174	1
2175	1
2176	0
2177	0
2178	0
2179	1
2180	0
2181	1
2182	1
2183	1
2184	0
2185	1
2186	0
2187	1
2188	1
2189	1
2190	0
2191	0
2192	0
2193	0
2194	1
2195	0
2196	0
2197	0
2198	0
2199	0
2200	0
2201	0
2202	0
2203	0
2204	1
2205	0
2206	1
2207	1
2208	1
2209	1
2210	0
2211	1
2212	0
2213	0
2214	1
2215	1
2216	1
2217	1
2218	0
2219	1
2220	0
2221	0
2222	0
2223	1
2224	1
2225	1
2226	1
2227	0
2228	0
2229	1
2230	0
2231	1
2232	1
2233	0
2234	0
2235	0
2236	0
2237	0
2238	0
2239	0
2240	1
2241	1
2242	0
2243	0
2244	1
2245	1
2246	0
2247	1
2248	0
2249	1
2250	0
2251	1
2252	0
2253	0
2254	0
2255	0
2256	0
2257	0
2258	1
2259	1
2260	1
2261	1
2262	0
2263	0
2264	1
2265	0
2266	1
2267	0
2268	0
2269	0
2270	1
2271	0
2272	1
2273	1
2274	1
2275	1
2276	0
2277	1
2278	1
2279	0
2280	0
2281	1
2282	0
2283	1
2284	0
2285	1
2286	0
2287	0
2288	0
2289	0
2290	1
2291	0
2292	0
2293	1
2294	0
2295	0
2296	0
2297	0
2298	0
2299	1
2300	1
2301	0
2302	0
2303	0
2304	0
2305	0
2306	0
2307	1
2308	0
2309	0
2310	1
2311	1
2312	0
2313	0
2314	1
2315	0
2316	1
2317	1
2318	1
2319	1
2320	0
2321	0
2322	0
2323	1
2324	1
2325	1
2326	0
2327	0
2328	1
2329	0
2330	0
2331	1
2332	0
2333	1
2334	1
2335	1
2336	0
2337	0
2338	0
2339	0
2340	1
2341	0
2342	0
2343	0
2344	1
2345	1
2346	0
2347	0
2348	0
2349	1
2350	1
2351	1
2352	1
2353	0
2354	1
2355	0
2356	1
2357	0
2358	0
2359	1
2360	1
2361	1
2362	1
2363	1
2364	1
2365	0
2366	0
2367	0
2368	1
2369	1
2370	1
2371	0
2372	1
2373	0
2374	1
2375	0
2376	0
2377	0
2378	1
2379	1
2380	0
2381	0
2382	1
2383	1
2384	1
2385	1
2386	0
2387	0
2388	1
2389	1
2390	1
2391	1
2392	1
2393	1
2394	1
2395	1
2396	0
2397	0
2398	0
2399	1
2400	1
2401	1
2402	1
2403	1
2404	0
2405	1
2406	0
2407	1
2408	1
2409	0
2410	0
2411	1
2412	0
2413	0
2414	1
2415	1
2416	1
2417	0
2418	0
2419	0
2420	0
2421	1
2422	0
2423	1
2424	0
2425	1
2426	1
2427	0
2428	0
2429	1
2430	0
2431	0
2432	1
2433	1
2434	0
2435	0
2436	1
2437	0
2438	0
2439	1
2440	1
2441	1
2442	1
2443	1
2444	0
2445	1
2446	0
2447	1
2448	1
2449	1
2450	1
2451	0
2452	1
2453	0
2454	0
2455	1
2456	1
2457	1
2458	1
2459	0
2460	1
2461	0
2462	0
2463	1
2464	0
2465	1
2466	1
2467	1
2468	1
2469	0
2470	0
2471	0
2472	0
2473	1
2474	1
2475	0
2476	0
2477	0
2478	1
2479	1
2480	0
2481	1
2482	1
2483	0
2484	0
2485	1
2486	0
2487	0
2488	1
2489	1
2490	1
2491	0
2492	1
2493	0
2494	1
2495	0
2496	1
2497	0
2498	1
2499	1
2500	1
2501	0
2502	0
2503	1
2504	1
2505	1
2506	1
2507	1
2508	0
2509	1
2510	1
2511	1
2512	0
2513	0
2514	0
2515	0
2516	1
2517	1
2518	0
2519	1
2520	0
2521	1
2522	0
2523	0
2524	0
2525	1
2526	0
2527	0
2528	0
2529	1
2530	0
2531	0
2532	0
2533	0
2534	0
2535	0
2536	0
2537	1
2538	1
2539	1
2540	1
2541	1
2542	1
2543	1
2544	0
2545	0
2546	0
2547	1
2548	1
2549	0
2550	1
2551	1
2552	1
2553	1
2554	0
2555	0
2556	0
2557	0
2558	0
2559	1
2560	0
2561	0
2562	1
2563	1
2564	1
2565	1
2566	0
2567	1
2568	1
2569	1
2570	1
2571	1
2572	1
2573	0
2574	0
2575	0
2576	0
2577	0
2578	0
2579	1
2580	0
2581	0
2582	0
2583	1
2584	1
2585	1
2586	1
2587	1
2588	0
2589	1
2590	1
2591	1
2592	0
2593	1
2594	1
2595	1
2596	0
2597	0
2598	0
2599	1
2600	1
2601	1
2602	1
2603	0
2604	0
2605	1
2606	0
2607	0
2608	1
2609	0
2610	1
2611	1
2612	0
2613	1
2614	1
2615	0
2616	1
2617	0
2618	0
2619	1
2620	1
2621	1
2622	0
2623	0
2624	0
2625	0
2626	1
2627	1
2628	1
2629	0
2630	1
2631	0
2632	0
2633	0
2634	0
2635	1
2636	1
2637	0
2638	0
2639	1
2640	1
2641	0
2642	1
2643	1
2644	1
2645	0
2646	1
2647	0
2648	0
2649	1
2650	1
2651	1
2652	1
2653	0
2654	0
2655	0
2656	1
2657	1
2658	1
2659	0
2660	1
2661	1
2662	1
2663	1
2664	1
2665	1
2666	1
2667	1
2668	1
2669	0
2670	1
2671	0
2672	1
2673	1
2674	1
2675	1
2676	0
2677	0
2678	0
2679	0
2680	1
2681	0
2682	1
2683	1
2684	0
2685	1
2686	0
2687	0
2688	1
2689	0
2690	1
2691	1
2692	1
2693	0
2694	0
2695	1
2696	0
2697	0
2698	1
2699	0
2700	0
2701	0
2702	0
2703	1
2704	0
2705	0
2706	0
2707	1
2708	1
2709	1
2710	0
2711	0
2712	1
2713	1
2714	1
2715	0
2716	1
2717	1
2718	0
2719	1
2720	1
2721	1
2722	0
2723	1
2724	0
2725	0
2726	1
2727	1
2728	1
2729	1
2730	0
2731	0
2732	1
2733	0
2734	1
2735	0
2736	1
2737	0
2738	0
2739	1
2740	0
2741	0
2742	1
2743	1
2744	0
2745	1
2746	1
2747	1
2748	1
2749	0
2750	1
2751	1
2752	0
2753	0
2754	0
2755	0
2756	0
2757	0
2758	1
2759	1
2760	0
2761	0
2762	0
2763	1
2764	1
2765	0
2766	0
2767	1
2768	1
2769	1
2770	0
2771	0
2772	0
2773	0
2774	0
2775	0
2776	0
2777	1
2778	1
2779	1
2780	0
2781	1
2782	1
2783	0
2784	1
2785	0
2786	1
2787	0
2788	0
2789	0
2790	0
2791	1
2792	0
2793	1
2794	1
2795	0
2796	1
2797	1
2798	0
2799	1
2800	0
2801	1
2802	0
2803	1
2804	1
2805	0
2806	0
2807	0
2808	1
2809	0
2810	1
2811	1
2812	0
2813	0
2814	0
2815	1
2816	0
2817	1
2818	1
2819	1
2820	1
2821	0
2822	0
2823	1
2824	1
2825	1
2826	1
2827	1
2828	0
2829	1
2830	1
2831	0
2832	1
2833	0
2834	0
2835	0
2836	1
2837	0
2838	0
2839	0
2840	0
2841	0
2842	1
2843	1
2844	1
2845	0
2846	0
2847	1
2848	1
2849	0
2850	0
2851	1
2852	1
2853	1
2854	1
2855	0
2856	0
2857	1
2858	1
2859	0
2860	1
2861	1
2862	1
2863	1
2864	1
2865	0
2866	0
2867	1
2868	0
2869	1
2870	0
2871	1
2872	0
2873	0
2874	0
2875	0
2876	0
2877	1
2878	0
2879	1
2880	0
2881	1
2882	0
2883	1
2884	0
2885	1
2886	0
2887	1
2888	1
2889	1
2890	0
2891	0
2892	1
2893	1
2894	0
2895	1
2896	1
2897	0
2898	0
2899	0
2900	1
2901	0
2902	1
2903	0
2904	0
2905	0
2906	0
2907	0
2908	1
2909	0
2910	1
2911	0
2912	0
2913	0
2914	1
2915	1
2916	1
2917	0
2918	1
2919	0
2920	0
2921	1
2922	0
2923	1
2924	1
2925	1
2926	1
2927	0
2928	0
2929	1
2930	1
2931	1
2932	0
2933	1
2934	1
2935	0
2936	0
2937	0
2938	1
2939	0
2940	0
2941	0
2942	1
2943	1
2944	0
2945	1
2946	0
2947	1
2948	1
2949	1
2950	0
2951	1
2952	1
2953	1
2954	1
2955	1
2956	0
2957	1
2958	0
2959	0
2960	0
2961	0
2962	1
2963	0
2964	0
2965	0
2966	0
2967	0
2968	0
2969	1
2970	0
2971	0
2972	1
2973	0
2974	1
2975	0
2976	1
2977	1
2978	1
2979	1
2980	1
2981	0
2982	0
2983	1
2984	0
2985	0
2986	1
2987	0
2988	1
2989	1
2990	0
2991	0
2992	1
2993	0
2994	0
2995	0
2996	0
2997	1
2998	1
2999	1
3000	0
3001	0
3002	1
3003	0
3004	0
3005	0
3006	0
3007	1
3008	0
3009	1
3010	0
3011	1
3012	1
3013	1
3014	1
3015	0
3016	0
3017	0
3018	1
3019	1
3020	1
3021	0
3022	1
3023	0
3024	1
3025	0
3026	0
3027	0
3028	1
3029	0
3030	0
3031	1
3032	0
3033	0
3034	0
3035	0
3036	1
3037	1
3038	0
3039	1
3040	0
3041	1
3042	0
3043	1
3044	0
3045	1
3046	0
3047	0
3048	0
3049	1
3050	1
3051	0
3052	0
3053	1
3054	1
3055	0
3056	0
3057	0
3058	1
3059	0
3060	0
3061	1
3062	0
3063	0
3064	1
3065	0
3066	1
3067	1
3068	1
3069	1
3070	0
3071	0
3072	1
3073	0
3074	0
3075	0
3076	1
3077	1
3078	0
3079	0
3080	0
3081	0
3082	0
3083	1
3084	1
3085	0
3086	1
3087	0
3088	0
3089	0
3090	1
3091	0
3092	0
3093	1
3094	1
3095	1
3096	0
3097	0
3098	1
3099	1
3100	1
3101	0
3102	0
3103	0
3104	0
3105	0
3106	0
3107	0
3108	0
3109	0
3110	1
3111	1
3112	0
3113	1
3114	0
3115	0
3116	0
3117	1
3118	1
3119	0
3120	1
3121	1
3122	1
3123	0
3124	0
3125	0
3126	0
3127	1
3128	1
3129	1
3130	1
3131	0
3132	1
3133	1
3134	0
3135	1
3136	0
3137	1
3138	1
3139	0
3140	1
3141	0
3142	1
3143	1
3144	1
3145	0
3146	0
3147	0
3148	0
3149	0
3150	0
3151	1
3152	0
3153	0
3154	1
3155	0
3156	1
3157	1
3158	1
3159	1
3160	0
3161	1
3162	1
3163	1
3164	1
3165	0
3166	0
3167	1
3168	1
3169	1
3170	1
3171	1
3172	0
3173	0
3174	0
3175	0
3176	0
3177	1
3178	0
3179	0
3180	1
3181	0
3182	0
3183	0
3184	0
3185	0
3186	1
3187	0
3188	0
3189	1
3190	1
3191	0
3192	0
3193	1
3194	1
3195	1
3196	1
3197	0
3198	1
3199	0
3200	1
3201	0
3202	0
3203	0
3204	1
3205	1
3206	1
3207	1
3208	0
3209	0
3210	1
3211	1
3212	0
3213	1
3214	0
3215	1
3216	0
3217	1
3218	0
3219	1
3220	1
3221	0
3222	1
3223	1
3224	1
3225	1
3226	0
3227	0
3228	1
3229	0
3230	0
3231	0
3232	1
3233	0
3234	0
3235	0
3236	1
3237	0
3238	1
3239	0
3240	0
3241	1
3242	1
3243	0
3244	1
3245	0
3246	1
3247	0
3248	1
3249	1
3250	1
3251	1
3252	0
3253	0
3254	1
3255	0
3256	1
3257	1
3258	1
3259	0
3260	0
3261	0
3262	1
3263	1
3264	1
3265	0
3266	1
3267	0
3268	0
3269	1
3270	0
3271	1
3272	0
3273	1
3274	0
3275	0
3276	0
3277	0
3278	1
3279	0
3280	0
3281	0
3282	0
3283	0
3284	1
3285	1
3286	1
3287	1
3288	1
3289	0
3290	0
3291	1
3292	0
3293	0
3294	0
3295	0
3296	0
3297	0
3298	0
3299	0
3300	0
3301	1
3302	0
3303	0
3304	0
3305	1
3306	0
3307	0
3308	1
3309	0
3310	1
3311	0
3312	0
3313	0
3314	1
3315	1
3316	1
3317	0
3318	1
3319	1
3320	1
3321	0
3322	0
3323	1
3324	1
3325	0
3326	1
3327	1
3328	0
3329	0
3330	0
3331	0
3332	0
3333	0
3334	1
3335	1
3336	0
3337	1
3338	1
3339	0
3340	1
3341	0
3342	0
3343	1
3344	0
3345	0
3346	1
3347	1
3348	1
3349	0
3350	0
3351	1
3352	1
3353	1
3354	0
3355	1
3356	1
3357	0
3358	0
3359	0
3360	1
3361	0
3362	0
3363	0
3364	1
3365	1
3366	1
3367	0
3368	1
3369	0
3370	0
3371	1
3372	0
3373	1
3374	0
3375	0
3376	0
3377	1
3378	0
3379	1
3380	0
3381	1
3382	0
3383	0
3384	0
3385	1
3386	1
3387	1
3388	1
3389	0
3390	1
3391	0
3392	0
3393	0
3394	1
3395	0
3396	0
3397	0
3398	1
3399	0
3400	0
3401	0
3402	0
3403	1
3404	0
3405	0
3406	0
3407	0
3408	0
3409	0
3410	0
3411	1
3412	0
3413	1
3414	0
3415	0
3416	0
3417	0
3418	1
3419	0
3420	1
3421	1
3422	0
3423	0
3424	1
3425	1
3426	0
3427	0
3428	1
3429	1
3430	0
3431	0
3432	1
3433	0
3434	0
3435	1
3436	0
3437	0
3438	1
3439	1
3440	0
3441	0
3442	1
3443	1
3444	1
3445	1
3446	0
3447	0
3448	0
3449	0
3450	1
3451	0
3452	0
3453	0
3454	0
3455	0
3456	1
3457	0
3458	0
3459	1
3460	0
3461	1
3462	0
3463	1
3464	1
3465	1
3466	0
3467	0
3468	1
3469	1
3470	0
3471	0
3472	0
3473	1
3474	1
3475	0
3476	0
3477	0
3478	0
3479	0
3480	0
3481	1
3482	0
3483	0
3484	1
3485	1
3486	1
3487	1
3488	1
3489	0
3490	0
3491	1
3492	0
3493	1
3494	1
3495	0
3496	0
3497	1
3498	1
3499	1
3500	1
3501	1
3502	1
3503	0
3504	1
3505	0
3506	1
3507	0
3508	1
3509	1
3510	1
3511	0
3512	1
3513	0
3514	1
3515	0
3516	1
3517	0
3518	1
3519	1
3520	1
3521	1
3522	1
3523	0
3524	0
3525	1
3526	1
3527	0
3528	0
3529	1
3530	0
3531	0
3532	1
3533	0
3534	0
3535	1
3536	0
3537	0
3538	1
3539	1
3540	1
3541	0
3542	1
3543	0
3544	0
3545	0
3546	1
3547	1
3548	1
3549	1
3550	1
3551	0
3552	1
3553	1
3554	1
3555	0
3556	1
3557	0
3558	0
3559	1
3560	1
3561	1
3562	1
3563	0
3564	0
3565	1
3566	1
3567	0
3568	0
3569	0
3570	0
3571	1
3572	0
3573	1
3574	1
3575	0
3576	0
3577	0
3578	0
3579	1
3580	0
3581	1
3582	0
3583	0
3584	1
3585	1
3586	1
3587	0
3588	1
3589	1
3590	0
3591	1
3592	0
3593	1
3594	1
3595	1
3596	1
3597	0
3598	1
3599	1
3600	0
3601	1
3602	1
3603	0
3604	1
3605	1
3606	1
3607	0
3608	0
3609	1
3610	0
3611	1
3612	1
3613	0
3614	0
3615	1
3616	1
3617	0
3618	1
3619	1
3620	1
3621	0
3622	0
3623	0
3624	1
3625	1
3626	0
3627	1
3628	1
3629	0
3630	0
3631	1
3632	1
3633	0
3634	1
3635	0
3636	0
3637	0
3638	1
3639	0
3640	0
3641	1
3642	1
3643	1
3644	1
3645	1
3646	0
3647	0
3648	0
3649	1
3650	1
3651	0
3652	1
3653	0
3654	0
3655	1
3656	1
3657	1
3658	1
3659	0
3660	1
3661	1
3662	0
3663	0
3664	1
3665	0
3666	1
3667	1
3668	1
3669	0
3670	1
3671	0
3672	1
3673	1
3674	1
3675	0
3676	0
3677	1
3678	0
3679	1
3680	0
3681	0
3682	0
3683	1
3684	0
3685	0
3686	1
3687	1
3688	0
3689	1
3690	1
3691	1
3692	0
3693	1
3694	1
3695	0
3696	1
3697	1
3698	1
3699	1
3700	0
3701	0
3702	1
3703	0
3704	0
3705	1
3706	0
3707	1
3708	0
3709	1
3710	0
3711	1
3712	1
3713	0
3714	0
3715	0
3716	1
3717	0
3718	0
3719	1
3720	0
3721	1
3722	1
3723	0
3724	0
3725	0
3726	1
3727	1
3728	0
3729	0
3730	0
3731	0
3732	1
3733	1
3734	1
3735	0
3736	1
3737	0
3738	1
3739	1
3740	1
3741	0
3742	0
3743	1
3744	1
3745	0
3746	0
3747	0
3748	1
3749	1
3750	1
3751	0
3752	1
3753	0
3754	1
3755	0
3756	1
3757	1
3758	1
3759	1
3760	0
3761	0
3762	0
3763	1
3764	0
3765	1
3766	1
3767	0
3768	0
3769	1
3770	0
3771	1
3772	1
3773	1
3774	0
3775	1
3776	1
3777	0
3778	0
3779	1
3780	0
3781	1
3782	0
3783	1
3784	1
3785	0
3786	0
3787	0
3788	1
3789	1
3790	1
3791	0
3792	0
3793	0
3794	1
3795	0
3796	1
3797	0
3798	0
3799	0
3800	1
3801	1
3802	0
3803	0
3804	1
3805	0
3806	1
3807	0
3808	0
3809	1
3810	1
3811	0
3812	1
3813	0
3814	0
3815	1
3816	1
3817	1
3818	0
3819	0
3820	0
3821	1
3822	0
3823	0
3824	1
3825	1
3826	0
3827	0
3828	0
3829	1
3830	1
3831	1
3832	1
3833	1
3834	0
3835	0
3836	0
3837	1
3838	0
3839	1
3840	0
3841	0
3842	1
3843	0
3844	1
3845	0
3846	1
3847	1
3848	0
3849	0
3850	0
3851	1
3852	1
3853	0
3854	0
3855	1
3856	1
3857	1
3858	1
3859	0
3860	1
3861	1
3862	0
3863	0
3864	1
3865	1
3866	0
3867	0
3868	1
3869	1
3870	0
3871	0
3872	1
3873	0
3874	0
3875	0
3876	0
3877	0
3878	0
3879	0
3880	1
3881	1
3882	0
3883	1
3884	1
3885	0
3886	0
3887	1
3888	1
3889	1
3890	1
3891	1
3892	1
3893	1
3894	0
3895	0
3896	1
3897	0
3898	1
3899	1
3900	1
3901	1
3902	0
3903	1
3904	1
3905	0
3906	1
3907	1
3908	0
3909	1
3910	1
3911	1
3912	0
3913	0
3914	1
3915	1
3916	1
3917	1
3918	1
3919	1
3920	1
3921	0
3922	0
3923	1
3924	0
3925	1
3926	1
3927	1
3928	0
3929	0
3930	0
3931	1
3932	1
3933	0
3934	1
3935	0
3936	0
3937	1
3938	0
3939	1
3940	0
3941	1
3942	1
3943	0
3944	0
3945	0
3946	1
3947	1
3948	0
3949	0
3950	1
3951	1
3952	0
3953	1
3954	1
3955	1
3956	1
3957	0
3958	1
3959	0
3960	0
3961	1
3962	0
3963	0
3964	0
3965	0
3966	0
3967	1
3968	1
3969	1
3970	0
3971	1
3972	0
3973	1
3974	1
3975	0
3976	0
3977	1
3978	1
3979	0
3980	1
3981	0
3982	1
3983	0
3984	0
3985	1
3986	0
3987	0
3988	1
3989	1
3990	1
3991	1
3992	0
3993	0
3994	0
3995	0
3996	1
3997	1
3998	0
3999	0
4000	1
4001	0
4002	1
4003	1
4004	1
4005	1
4006	0
4007	1
4008	0
4009	1
4010	0
4011	0
4012	1
4013	1
4014	0
4015	0
4016	0
4017	1
4018	0
4019	0
4020	0
4021	1
4022	1
4023	1
4024	1
4025	0
4026	1
4027	1
4028	0
4029	1
4030	0
4031	1
4032	0
4033	0
4034	1
4035	1
4036	0
4037	1
4038	0
4039	1
4040	0
4041	1
4042	1
4043	1
4044	1
4045	0
4046	1
4047	0
4048	1
4049	1
4050	0
4051	0
4052	1
4053	0
4054	0
4055	0
4056	1
4057	0
4058	1
4059	0
4060	1
4061	0
4062	0
4063	0
4064	1
4065	1
4066	0
4067	0
4068	0
4069	0
4070	0
4071	0
4072	1
4073	0
4074	1
4075	1
4076	1
4077	0
4078	0
4079	1
4080	1
4081	0
4082	0
4083	1
4084	1
4085	1
4086	1
4087	0
4088	1
4089	0
4090	1
4091	0
4092	1
4093	0
4094	0
4095	1
4096	0
4097	0
4098	1
4099	1
4100	0
4101	1
4102	1
4103	0
4104	0
4105	1
4106	0
4107	1
4108	1
4109	0
4110	1
4111	1
4112	1
4113	1
4114	1
4115	1
4116	1
4117	0
4118	1
4119	0
4120	0
4121	0
4122	1
4123	0
4124	0
4125	0
4126	1
4127	0
4128	1
4129	0
4130	0
4131	1
4132	0
4133	1
4134	1
4135	1
4136	0
4137	0
4138	1
4139	1
4140	0
4141	0
4142	0
4143	1
4144	0
4145	1
4146	0
4147	0
4148	1
4149	0
4150	1
4151	0
4152	0
4153	1
4154	0
4155	0
4156	1
4157	0
4158	0
4159	1
4160	0
4161	0
4162	1
4163	0
4164	0
4165	1
4166	1
4167	1
4168	0
4169	1
4170	1
4171	0
4172	1
4173	0
4174	0
4175	0
4176	1
4177	0
4178	0
4179	0
4180	0
4181	1
4182	1
4183	0
4184	1
4185	0
4186	0
4187	1
4188	1
4189	0
4190	1
4191	0
4192	1
4193	0
4194	1
4195	1
4196	1
4197	1
4198	1
4199	1
4200	1
4201	0
4202	0
4203	1
4204	0
4205	0
4206	1
4207	0
4208	0
4209	1
4210	0
4211	1
4212	1
4213	0
4214	1
4215	1
4216	0
4217	1
4218	1
4219	1
4220	1
4221	1
4222	1
4223	1
4224	1
4225	1
4226	0
4227	0
4228	1
4229	0
4230	1
4231	0
4232	0
4233	0
4234	1
4235	0
4236	1
4237	0
4238	0
4239	0
4240	1
4241	0
4242	0
4243	0
4244	0
4245	1
4246	0
4247	0
4248	0
4249	0
4250	0
4251	0
4252	1
4253	0
4254	0
4255	1
4256	1
4257	1
4258	1
4259	1
4260	0
4261	1
4262	1
4263	0
4264	1
4265	0
4266	1
4267	0
4268	1
4269	1
4270	1
4271	0
4272	0
4273	0
4274	0
4275	0
4276	1
4277	0
4278	0
4279	1
4280	0
4281	1
4282	1
4283	0
4284	0
4285	1
4286	1
4287	1
4288	0
4289	1
4290	0
4291	1
4292	0
4293	1
4294	1
4295	0
4296	1
4297	0
4298	0
4299	1
4300	1
4301	1
4302	0
4303	0
4304	0
4305	1
4306	0
4307	1
4308	1
4309	1
4310	1
4311	0
4312	1
4313	1
4314	0
4315	1
4316	1
4317	0
4318	0
4319	1
4320	0
4321	0
4322	1
4323	1
4324	0
4325	0
4326	1
4327	0
4328	1
4329	0
4330	1
4331	0
4332	0
4333	1
4334	1
4335	0
4336	0
4337	0
4338	1
4339	0
4340	1
4341	0
4342	0
4343	0
4344	1
4345	0
4346	1
4347	0
4348	0
4349	0
4350	0
4351	0
4352	0
4353	0
4354	0
4355	0
4356	1
4357	0
4358	0
4359	1
4360	1
4361	1
4362	0
4363	0
4364	1
4365	0
4366	0
4367	0
4368	0
4369	0
4370	1
4371	1
4372	1
4373	1
4374	1
4375	0
4376	1
4377	1
4378	1
4379	0
4380	0
4381	1
4382	1
4383	1
4384	1
4385	1
4386	0
4387	1
4388	1
4389	1
4390	0
4391	0
4392	0
4393	0
4394	0
4395	0
4396	0
4397	0
4398	0
4399	0
4400	1
4401	1
4402	0
4403	1
4404	0
4405	0
4406	1
4407	0
4408	1
4409	0
4410	1
4411	0
4412	0
4413	0
4414	1
4415	1
4416	1
4417	0
4418	0
4419	1
4420	0
4421	0
4422	0
4423	1
4424	0
4425	0
4426	1
4427	0
4428	1
4429	1
4430	1
4431	1
4432	0
4433	1
4434	1
4435	0
4436	0
4437	1
4438	0
4439	0
4440	1
4441	1
4442	0
4443	0
4444	0
4445	0
4446	1
4447	0
4448	0
4449	1
4450	1
4451	0
4452	1
4453	1
4454	1
4455	0
4456	0
4457	0
4458	0
4459	0
4460	0
4461	0
4462	0
4463	0
4464	1
4465	0
4466	1
4467	1
4468	1
4469	1
4470	0
4471	0
4472	0
4473	0
4474	0
4475	1
4476	1
4477	1
4478	1
4479	0
4480	1
4481	1
4482	1
4483	0
4484	1
4485	0
4486	1
4487	1
4488	1
4489	1
4490	1
4491	0
4492	0
4493	0
4494	0
4495	0
4496	0
4497	1
4498	1
4499	0
4500	0
4501	0
4502	1
4503	0
4504	0
4505	0
4506	0
4507	1
4508	1
4509	1
4510	0
4511	1
4512	0
4513	0
4514	1
4515	0
4516	0
4517	1
4518	1
4519	1
4520	0
4521	0
4522	0
4523	1
4524	0
4525	1
4526	0
4527	0
4528	1
4529	0
4530	0
4531	0
4532	1
4533	0
4534	0
4535	1
4536	0
4537	1
4538	0
4539	0
4540	1
4541	0
4542	0
4543	1
4544	0
4545	0
4546	0
4547	0
4548	1
4549	0
4550	1
4551	0
4552	1
4553	0
4554	0
4555	1
4556	0
4557	1
4558	0
4559	0
4560	1
4561	0
4562	0
4563	1
4564	1
4565	1
4566	1
4567	1
4568	1
4569	1
4570	1
4571	1
4572	0
4573	0
4574	0
4575	0
4576	0
4577	0
4578	1
4579	0
4580	1
4581	1
4582	0
4583	1
4584	1
4585	1
4586	0
4587	1
4588	1
4589	0
4590	0
4591	1
4592	0
4593	0
4594	0
4595	0
4596	0
4597	0
4598	0
4599	1
4600	0
4601	0
4602	0
4603	0
4604	0
4605	1
4606	1
4607	0
4608	1
4609	0
4610	1
4611	0
4612	0
4613	0
4614	1
4615	0
4616	0
4617	1
4618	1
4619	1
4620	0
4621	1
4622	0
4623	1
4624	0
4625	1
4626	1
4627	1
4628	1
4629	0
4630	0
4631	0
4632	0
4633	1
4634	0
4635	0
4636	0
4637	1
4638	0
4639	1
4640	1
4641	0
4642	1
4643	0
4644	0
4645	1
4646	0
4647	1
4648	0
4649	0
4650	0
4651	0
4652	1
4653	1
4654	0
4655	0
4656	1
4657	1
4658	0
4659	0
4660	0
4661	1
4662	0
4663	1
4664	0
4665	1
4666	0
4667	0
4668	0
4669	0
4670	1
4671	1
4672	1
4673	1
4674	0
4675	1
4676	0
4677	1
4678	0
4679	1
4680	1
4681	0
4682	0
4683	1
4684	1
4685	1
4686	0
4687	0
4688	0
4689	1
4690	0
4691	1
4692	1
4693	0
4694	1
4695	0
4696	0
4697	1
4698	1
4699	0
4700	0
4701	0
4702	0
4703	0
4704	0
4705	0
4706	1
4707	1
4708	0
4709	0
4710	0
4711	1
4712	0
4713	0
4714	1
4715	0
4716	1
4717	1
4718	0
4719	0
4720	0
4721	1
4722	1
4723	0
4724	1
4725	0
4726	0
4727	0
4728	0
4729	0
4730	0
4731	1
4732	0
4733	1
4734	1
4735	1
4736	1
4737	1
4738	0
4739	0
4740	0
4741	0
4742	0
4743	0
4744	1
4745	0
4746	0
4747	1
4748	0
4749	1
4750	1
4751	0
4752	1
4753	0
4754	1
4755	1
4756	0
4757	1
4758	0
4759	1
4760	0
4761	0
4762	0
4763	0
4764	0
4765	0
4766	0
4767	1
4768	0
4769	1
4770	1
4771	0
4772	0
4773	0
4774	0
4775	1
4776	1
4777	0
4778	1
4779	1
4780	0
4781	1
4782	0
4783	1
4784	0
4785	1
4786	1
4787	1
4788	1
4789	1
4790	0
4791	0
4792	0
4793	0
4794	1
4795	1
4796	1
4797	0
4798	1
4799	1
4800	1
4801	0
4802	1
4803	1
4804	1
4805	0
4806	1
4807	1
4808	0
4809	1
4810	0
4811	0
4812	1
4813	0
4814	0
4815	0
4816	1
4817	1
4818	1
4819	0
4820	1
4821	0
4822	0
4823	0
4824	0
4825	1
4826	0
4827	0
4828	0
4829	1
4830	1
4831	1
4832	0
4833	1
4834	0
4835	0
4836	0
4837	1
4838	1
4839	0
4840	0
4841	0
4842	1
4843	0
4844	1
4845	1
4846	0
4847	0
4848	0
4849	1
4850	1
4851	0
4852	0
4853	1
4854	0
4855	1
4856	0
4857	0
4858	1
4859	0
4860	1
4861	1
4862	0
4863	1
4864	1
4865	1
4866	1
4867	0
4868	1
4869	0
4870	0
4871	0
4872	0
4873	1
4874	0
4875	1
4876	0
4877	0
4878	0
4879	0
4880	1
4881	1
4882	1
4883	1
4884	1
4885	0
4886	1
4887	0
4888	1
4889	0
4890	0
4891	1
4892	1
4893	0
4894	1
4895	0
4896	1
4897	1
4898	0
4899	1
4900	0
4901	0
4902	0
4903	1
4904	1
4905	0
4906	1
4907	1
4908	0
4909	1
4910	1
4911	0
4912	0
4913	0
4914	0
4915	0
4916	1
4917	0
4918	1
4919	1
4920	0
4921	0
4922	0
4923	0
4924	1
4925	1
4926	0
4927	0
4928	0
4929	1
4930	0
4931	1
4932	1
4933	0
4934	1
4935	1
4936	0
4937	0
4938	0
4939	0
4940	1
4941	0
4942	0
4943	0
4944	0
4945	0
4946	1
4947	1
4948	0
4949	1
4950	1
4951	1
4952	0
4953	1
4954	0
4955	1
4956	1
4957	1
4958	1
4959	1
4960	0
4961	0
4962	1
4963	1
4964	1
4965	0
4966	1
4967	1
4968	1
4969	1
4970	0
4971	0
4972	0
4973	1
4974	1
4975	1
4976	0
4977	1
4978	0
4979	0
4980	0
4981	1
4982	0
4983	1
4984	1
4985	1
4986	0
4987	0
4988	0
4989	0
4990	0
4991	0
4992	1
4993	0
4994	1
4995	0
4996	0
4997	0
4998	1
4999	1
5000	1
5001	0
5002	1
5003	1
5004	1
5005	1
5006	1
5007	1
5008	0
5009	0
5010	1
5011	1
5012	0
5013	1
5014	1
5015	0
5016	1
5017	0
5018	0
5019	1
5020	0
5021	1
5022	1
5023	0
5024	0
5025	1
5026	1
5027	0
5028	1
5029	1
5030	0
5031	0
5032	0
5033	1
5034	1
5035	1
5036	1
5037	1
5038	1
5039	1
5040	0
5041	0
5042	0
5043	1
5044	0
5045	1
5046	0
5047	0
5048	0
5049	0
5050	0
5051	0
5052	0
5053	1
5054	0
5055	1
5056	0
5057	1
5058	1
5059	1
5060	0
5061	1
5062	0
5063	0
5064	0
5065	1
5066	0
5067	1
5068	0
5069	1
5070	0
5071	0
5072	0
5073	1
5074	1
5075	1
5076	1
5077	0
5078	0
5079	1
5080	1
5081	0
5082	1
5083	1
5084	0
5085	0
5086	0
5087	0
5088	1
5089	0
5090	1
5091	0
5092	0
5093	0
5094	1
5095	0
5096	1
5097	0
5098	1
5099	0
5100	0
5101	1
5102	1
5103	1
5104	1
5105	0
5106	1
5107	1
5108	0
5109	1
5110	0
5111	0
5112	1
5113	0
5114	1
5115	0
5116	1
5117	1
5118	1
5119	1
5120	1
5121	1
5122	0
5123	1
5124	0
5125	1
5126	1
5127	0
5128	0
5129	0
5130	1
5131	0
5132	0
5133	1
5134	0
5135	0
5136	1
5137	0
5138	0
5139	1
5140	1
5141	1
5142	1
5143	1
5144	0
5145	0
5146	1
5147	0
5148	0
5149	0
5150	0
5151	1
5152	1
5153	0
5154	0
5155	0
5156	1
5157	1
5158	1
5159	0
5160	1
5161	0
5162	0
5163	1
5164	0
5165	0
5166	0
5167	0
5168	0
5169	1
5170	0
5171	1
5172	1
5173	0
5174	0
5175	0
5176	0
5177	1
5178	0
5179	0
5180	1
5181	1
5182	0
5183	1
5184	0
5185	0
5186	0
5187	0
5188	0
5189	1
5190	0
5191	0
5192	0
5193	0
5194	1
5195	1
5196	1
5197	0
5198	1
5199	1
5200	1
5201	1
5202	0
5203	1
5204	0
5205	1
5206	0
5207	1
5208	1
5209	1
5210	0
5211	1
5212	1
5213	1
5214	0
5215	0
5216	0
5217	0
5218	0
5219	0
5220	0
5221	0
5222	1
5223	1
5224	0
5225	1
5226	0
5227	1
5228	1
5229	0
5230	0
5231	1
