0	0
1	0
2	1
3	0
4	0
5	0
6	0
7	1
8	0
9	1
10	1
11	1
12	0
13	0
14	0
15	0
16	1
17	1
18	0
19	0
20	0
21	0
22	1
23	1
24	0
25	0
26	1
27	1
28	0
29	1
30	1
31	0
32	0
33	1
34	0
35	0
36	0
37	0
38	1
39	1
40	0
41	0
42	0
43	0
44	0
45	1
46	0
47	0
48	0
49	0
50	0
51	1
52	0
53	0
54	0
55	0
56	1
57	0
58	0
59	0
60	0
61	0
62	0
63	1
64	0
65	0
66	1
67	0
68	1
69	0
70	0
71	0
72	0
73	1
74	1
75	0
76	0
77	0
78	0
79	0
80	1
81	0
82	0
83	1
84	0
85	0
86	1
87	0
88	0
89	1
90	0
91	1
92	1
93	0
94	0
95	1
96	1
97	0
98	0
99	1
100	1
101	0
102	0
103	0
104	0
105	0
106	0
107	0
108	0
109	1
110	0
111	0
112	0
113	1
114	0
115	0
116	1
117	1
118	1
119	1
120	1
121	0
122	0
123	0
124	1
125	1
126	0
127	0
128	1
129	0
130	0
131	0
132	1
133	0
134	1
135	0
136	0
137	1
138	0
139	0
140	1
141	0
142	0
143	1
144	0
145	1
146	0
147	1
148	1
149	0
150	0
151	0
152	1
153	0
154	1
155	0
156	0
157	0
158	1
159	1
160	1
161	0
162	0
163	0
164	1
165	0
166	1
167	0
168	0
169	0
170	1
171	0
172	0
173	1
174	0
175	1
176	1
177	0
178	0
179	0
180	1
181	0
182	1
183	1
184	1
185	0
186	0
187	1
188	0
189	0
190	0
191	0
192	1
193	0
194	1
195	0
196	0
197	1
198	1
199	1
200	1
201	1
202	0
203	0
204	1
205	1
206	1
207	0
208	0
209	1
210	1
211	0
212	0
213	0
214	1
215	1
216	1
217	0
218	0
219	0
220	1
221	0
222	1
223	0
224	0
225	0
226	0
227	0
228	1
229	0
230	1
231	0
232	1
233	1
234	0
235	1
236	1
237	0
238	0
239	0
240	0
241	0
242	0
243	0
244	1
245	1
246	0
247	0
248	1
249	1
250	1
251	1
252	1
253	0
254	1
255	0
256	0
257	1
258	1
259	1
260	1
261	0
262	0
263	0
264	1
265	1
266	0
267	0
268	1
269	1
270	0
271	1
272	0
273	0
274	0
275	1
276	0
277	1
278	1
279	0
280	1
281	0
282	0
283	0
284	0
285	1
286	0
287	0
288	0
289	1
290	1
291	0
292	1
293	1
294	0
295	0
296	1
297	0
298	1
299	0
300	0
301	1
302	0
303	1
304	0
305	0
306	1
307	1
308	1
309	1
310	0
311	1
312	0
313	0
314	0
315	0
316	0
317	0
318	1
319	0
320	0
321	0
322	0
323	0
324	0
325	0
326	1
327	0
328	0
329	0
330	1
331	0
332	0
333	1
334	0
335	1
336	1
337	0
338	1
339	1
340	0
341	0
342	0
343	1
344	0
345	0
346	1
347	0
348	0
349	0
350	0
351	0
352	0
353	1
354	0
355	1
356	1
357	0
358	0
359	0
360	1
361	0
362	0
363	0
364	1
365	0
366	0
367	0
368	0
369	0
370	0
371	1
372	0
373	0
374	0
375	1
376	0
377	0
378	0
379	0
380	0
381	0
382	0
383	0
384	0
385	0
386	0
387	0
388	1
389	1
390	0
391	0
392	1
393	1
394	0
395	0
396	0
397	0
398	1
399	1
400	1
401	1
402	0
403	1
404	1
405	0
406	0
407	0
408	1
409	1
410	0
411	0
412	1
413	0
414	0
415	1
416	1
417	1
418	1
419	0
420	1
421	0
422	0
423	0
424	1
425	0
426	0
427	1
428	0
429	1
430	0
431	0
432	0
433	0
434	0
435	1
436	0
437	0
438	0
439	0
440	1
441	0
442	0
443	1
444	0
445	0
446	0
447	0
448	0
449	0
450	0
451	1
452	0
453	0
454	0
455	0
456	0
457	1
458	0
459	0
460	1
461	1
462	0
463	1
464	1
465	0
466	0
467	0
468	0
469	0
470	0
471	0
472	0
473	0
474	0
475	0
476	1
477	0
478	1
479	0
480	1
481	1
482	0
483	1
484	0
485	0
486	0
487	1
488	1
489	1
490	1
491	0
492	0
493	1
494	0
495	1
496	0
497	0
498	1
499	0
500	1
501	0
502	0
503	1
504	0
505	0
506	1
507	1
508	0
509	0
510	1
511	0
512	1
513	1
514	0
515	0
516	0
517	0
518	1
519	1
520	0
521	0
522	0
523	1
524	0
525	1
526	0
527	0
528	0
529	0
530	1
531	0
532	0
533	1
534	0
535	0
536	1
537	1
538	0
539	0
540	0
541	0
542	1
543	0
544	1
545	1
546	1
547	1
548	0
549	0
550	0
551	1
552	1
553	0
554	0
555	0
556	0
557	0
558	1
559	1
560	0
561	1
562	1
563	0
564	0
565	1
566	0
567	0
568	1
569	1
570	0
571	0
572	0
573	1
574	1
575	0
576	1
577	0
578	1
579	0
580	0
581	1
582	0
583	1
584	0
585	0
586	0
587	0
588	0
589	1
590	1
591	0
592	1
593	1
594	0
595	0
596	0
597	1
598	0
599	0
600	0
601	1
602	1
603	0
604	0
605	1
606	0
607	0
608	1
609	0
610	0
611	1
612	0
613	0
614	0
615	0
616	0
617	0
618	0
619	0
620	0
621	1
622	1
623	0
624	0
625	0
626	1
627	1
628	1
629	0
630	0
631	0
632	0
633	0
634	0
635	0
636	1
637	0
638	0
639	0
640	0
641	0
642	1
643	0
644	1
645	0
646	0
647	0
648	0
649	0
650	0
651	0
652	0
653	0
654	0
655	0
656	0
657	0
658	0
659	0
660	0
661	0
662	1
663	0
664	0
665	1
666	1
667	0
668	0
669	0
670	1
671	0
672	0
673	1
674	0
675	0
676	1
677	1
678	0
679	1
680	1
681	1
682	1
683	1
684	0
685	0
686	0
687	0
688	1
689	1
690	0
691	0
692	1
693	0
694	1
695	1
696	1
697	1
698	0
699	1
700	1
701	0
702	0
703	0
704	0
705	0
706	0
707	0
708	0
709	0
710	0
711	1
712	1
713	1
714	0
715	1
716	0
717	0
718	0
719	0
720	0
721	0
722	0
723	0
724	0
725	0
726	0
727	1
728	0
729	1
730	1
731	0
732	0
733	0
734	0
735	1
736	1
737	1
738	0
739	1
740	1
741	0
742	0
743	1
744	0
745	0
746	1
747	1
748	0
749	0
750	0
751	0
752	0
753	1
754	1
755	0
756	0
757	1
758	0
759	1
760	1
761	0
762	1
763	1
764	1
765	1
766	0
767	1
768	0
769	0
770	0
771	1
772	0
773	0
774	0
775	1
776	0
777	0
778	1
779	0
780	1
781	1
782	1
783	1
784	0
785	0
786	0
787	0
788	0
789	0
790	1
791	0
792	1
793	0
794	0
795	1
796	1
797	1
798	0
799	1
800	1
801	1
802	0
803	0
804	0
805	0
806	0
807	1
808	1
809	1
810	0
811	0
812	1
813	0
814	1
815	1
816	1
817	0
818	1
819	0
820	0
821	0
822	0
823	1
824	0
825	0
826	0
827	1
828	0
829	0
830	0
831	0
832	0
833	0
834	0
835	0
836	0
837	1
838	0
839	0
840	0
841	1
842	1
843	0
844	1
845	1
846	1
847	0
848	0
849	0
850	1
851	1
852	0
853	0
854	0
855	0
856	0
857	0
858	0
859	0
860	0
861	1
862	1
863	1
864	1
865	0
866	0
867	0
868	0
869	0
870	0
871	0
872	1
873	0
874	1
875	0
876	1
877	0
878	0
879	0
880	0
881	1
882	0
883	1
884	0
885	0
886	1
887	1
888	1
889	0
890	1
891	0
892	1
893	1
894	0
895	0
896	1
897	0
898	1
899	0
900	0
901	1
902	1
903	1
904	0
905	0
906	0
907	1
908	0
909	1
910	0
911	0
912	0
913	0
914	0
915	0
916	1
917	0
918	1
919	0
920	1
921	1
922	1
923	1
924	0
925	0
926	1
927	0
928	0
929	1
930	0
931	0
932	1
933	0
934	1
935	1
936	0
937	0
938	1
939	0
940	0
941	1
942	1
943	0
944	1
945	0
946	1
947	0
948	0
949	0
950	0
951	1
952	0
953	0
954	1
955	1
956	0
957	0
958	0
959	0
960	0
961	1
962	1
963	0
964	0
965	1
966	1
967	0
968	0
969	1
970	0
971	0
972	1
973	0
974	0
975	1
976	1
977	0
978	0
979	0
980	0
981	0
982	0
983	0
984	1
985	1
986	1
987	0
988	1
989	0
990	1
991	1
992	0
993	1
994	0
995	1
996	0
997	0
998	0
999	1
1000	0
1001	0
1002	1
1003	0
1004	1
1005	0
1006	0
1007	1
1008	1
1009	0
1010	0
1011	0
1012	0
1013	0
1014	1
1015	1
1016	1
1017	1
1018	0
1019	1
1020	1
1021	0
1022	0
1023	1
1024	0
1025	0
1026	1
1027	1
1028	1
1029	0
1030	1
1031	1
1032	0
1033	0
1034	0
1035	1
1036	1
1037	0
1038	0
1039	1
1040	0
1041	1
1042	1
1043	0
1044	0
1045	0
1046	1
1047	0
1048	1
1049	1
1050	0
1051	1
1052	1
1053	0
1054	0
1055	0
1056	0
1057	0
1058	0
1059	0
1060	0
1061	1
1062	0
1063	1
1064	1
1065	1
1066	0
1067	1
1068	1
1069	1
1070	1
1071	0
1072	0
1073	0
1074	0
1075	0
1076	0
1077	0
1078	0
1079	0
1080	1
1081	1
1082	0
1083	0
1084	1
1085	1
1086	0
1087	1
1088	0
1089	0
1090	0
1091	1
1092	0
1093	0
1094	0
1095	1
1096	0
1097	0
1098	1
1099	1
1100	0
1101	0
1102	0
1103	1
1104	1
1105	1
1106	0
1107	0
1108	1
1109	0
1110	0
1111	0
1112	0
1113	0
1114	0
1115	0
1116	1
1117	0
1118	1
1119	1
1120	0
1121	1
1122	0
1123	0
1124	1
1125	0
1126	0
1127	1
1128	0
1129	0
1130	1
1131	1
1132	1
1133	0
1134	0
1135	0
1136	0
1137	1
1138	0
1139	1
1140	0
1141	0
1142	0
1143	1
1144	1
1145	1
1146	0
1147	0
1148	0
1149	0
1150	0
1151	0
1152	1
1153	1
1154	0
1155	0
1156	0
1157	0
1158	1
1159	0
1160	0
1161	1
1162	1
1163	0
1164	1
1165	1
1166	0
1167	1
1168	1
1169	1
1170	1
1171	1
1172	0
1173	0
1174	1
1175	0
1176	0
1177	1
1178	1
1179	0
1180	1
1181	0
1182	1
1183	1
1184	0
1185	1
1186	1
1187	1
1188	1
1189	1
1190	0
1191	1
1192	0
1193	1
1194	0
1195	0
1196	0
1197	0
1198	1
1199	1
1200	0
1201	0
1202	0
1203	0
1204	1
1205	0
1206	1
1207	0
1208	1
1209	0
1210	0
1211	0
1212	0
1213	0
1214	1
1215	1
1216	0
1217	0
1218	1
1219	1
1220	0
1221	0
1222	0
1223	0
1224	0
1225	0
1226	1
1227	0
1228	1
1229	0
1230	0
1231	1
1232	0
1233	0
1234	1
1235	0
1236	0
1237	0
1238	0
1239	0
1240	0
1241	1
1242	0
1243	0
1244	0
1245	1
1246	0
1247	1
1248	0
1249	0
1250	1
1251	0
1252	0
1253	1
1254	1
1255	1
1256	0
1257	1
1258	0
1259	0
1260	1
1261	0
1262	0
1263	0
1264	0
1265	1
1266	1
1267	1
1268	1
1269	1
1270	0
1271	0
1272	1
1273	0
1274	0
1275	0
1276	1
1277	0
1278	0
1279	0
1280	0
1281	1
1282	1
1283	1
1284	1
1285	0
1286	1
1287	0
1288	0
1289	1
1290	0
1291	0
1292	0
1293	1
1294	0
1295	0
1296	1
1297	1
1298	0
1299	1
1300	1
1301	1
1302	1
1303	0
1304	1
1305	0
1306	0
1307	0
1308	0
1309	0
1310	0
1311	0
1312	1
1313	0
1314	0
1315	1
1316	1
1317	0
1318	0
1319	0
1320	0
1321	0
1322	0
1323	0
1324	0
1325	1
1326	0
1327	0
1328	0
1329	0
1330	1
1331	0
1332	0
1333	0
1334	0
1335	0
1336	0
1337	1
1338	0
1339	0
1340	0
1341	1
1342	1
1343	0
1344	0
1345	0
1346	0
1347	1
1348	0
1349	0
1350	0
1351	1
1352	0
1353	1
1354	1
1355	1
1356	1
1357	1
1358	0
1359	1
1360	0
1361	0
1362	0
1363	0
1364	0
1365	0
1366	1
1367	0
1368	1
1369	0
1370	1
1371	0
1372	0
1373	1
1374	1
1375	1
1376	0
1377	1
1378	0
1379	0
1380	0
1381	1
1382	0
1383	1
1384	1
1385	0
1386	0
1387	0
1388	0
1389	0
1390	1
1391	0
1392	0
1393	0
1394	0
1395	0
1396	0
1397	0
1398	0
1399	0
1400	1
1401	0
1402	0
1403	0
1404	0
1405	0
1406	1
1407	1
1408	1
1409	0
1410	1
1411	0
1412	0
1413	0
1414	1
1415	1
1416	1
1417	0
1418	0
1419	0
1420	0
1421	0
1422	1
1423	0
1424	1
1425	1
1426	0
1427	0
1428	0
1429	1
1430	1
1431	1
1432	1
1433	1
1434	0
1435	0
1436	1
1437	0
1438	0
1439	1
1440	1
1441	0
1442	1
1443	1
1444	0
1445	0
1446	0
1447	0
1448	0
1449	0
1450	0
1451	1
1452	1
1453	0
1454	1
1455	0
1456	0
1457	0
1458	1
1459	0
1460	0
1461	1
1462	0
1463	1
1464	1
1465	1
1466	0
1467	1
1468	0
1469	0
1470	1
1471	0
1472	0
1473	0
1474	1
1475	1
1476	0
1477	1
1478	1
1479	0
1480	0
1481	1
1482	0
1483	1
1484	1
1485	0
1486	1
1487	0
1488	1
1489	0
1490	0
1491	0
1492	1
1493	0
1494	0
1495	0
1496	0
1497	0
1498	0
1499	0
1500	0
1501	0
1502	0
1503	0
1504	1
1505	0
1506	0
1507	0
1508	0
1509	1
1510	0
1511	1
1512	0
1513	1
1514	1
1515	1
1516	0
1517	1
1518	0
1519	0
1520	0
1521	0
1522	1
1523	0
1524	0
1525	0
1526	1
1527	0
1528	1
1529	1
1530	0
1531	1
1532	0
1533	1
1534	1
1535	1
1536	1
1537	1
1538	0
1539	0
1540	1
1541	1
1542	1
1543	1
1544	1
1545	1
1546	0
1547	1
1548	1
1549	0
1550	1
1551	1
1552	1
1553	1
1554	1
1555	0
1556	0
1557	1
1558	1
1559	1
1560	0
1561	0
1562	1
1563	0
1564	1
1565	1
1566	0
1567	1
1568	0
1569	1
1570	0
1571	1
1572	0
1573	0
1574	0
1575	0
1576	1
1577	1
1578	0
1579	0
1580	1
1581	1
1582	0
1583	0
1584	0
1585	1
1586	1
1587	0
1588	0
1589	0
1590	0
1591	0
1592	0
1593	0
1594	1
1595	1
1596	0
1597	1
1598	1
1599	0
1600	1
1601	1
1602	1
1603	1
1604	1
1605	0
1606	0
1607	0
1608	0
1609	1
1610	1
1611	1
1612	0
1613	0
1614	0
1615	1
1616	0
1617	1
1618	1
1619	0
1620	1
1621	1
1622	1
1623	0
1624	0
1625	1
1626	1
1627	1
1628	0
1629	0
1630	1
1631	0
1632	1
1633	0
1634	1
1635	1
1636	0
1637	0
1638	1
1639	1
1640	0
1641	0
1642	0
1643	0
1644	0
1645	0
1646	1
1647	1
1648	0
1649	1
1650	1
1651	1
1652	1
1653	1
1654	0
1655	0
1656	0
1657	1
1658	1
1659	0
1660	0
1661	1
1662	1
1663	1
1664	0
1665	0
1666	1
1667	0
1668	0
1669	0
1670	0
1671	0
1672	0
1673	1
1674	0
1675	1
1676	1
1677	0
1678	0
1679	1
1680	0
1681	0
1682	0
1683	0
1684	0
1685	0
1686	0
1687	0
1688	1
1689	0
1690	1
1691	0
1692	0
1693	1
1694	0
1695	0
1696	1
1697	0
1698	1
1699	1
1700	0
1701	1
1702	0
1703	0
1704	0
1705	1
1706	0
1707	1
1708	1
1709	0
1710	0
1711	1
1712	1
1713	0
1714	0
1715	1
1716	1
1717	1
1718	0
1719	0
1720	1
1721	0
1722	0
1723	1
1724	0
1725	0
1726	1
1727	0
1728	1
1729	0
1730	1
1731	0
1732	0
1733	1
1734	1
1735	1
1736	1
1737	0
1738	0
1739	1
1740	1
1741	1
1742	1
1743	0
1744	0
1745	0
1746	0
1747	0
1748	1
1749	0
1750	0
1751	0
1752	0
1753	0
1754	0
1755	1
1756	0
1757	1
1758	0
1759	0
1760	0
1761	0
1762	1
1763	0
1764	0
1765	1
1766	1
1767	0
1768	0
1769	1
1770	1
1771	1
1772	0
1773	0
1774	0
1775	0
1776	0
1777	1
1778	0
1779	0
1780	0
1781	0
1782	0
1783	0
1784	1
1785	1
1786	1
1787	0
1788	0
1789	0
1790	1
1791	1
1792	0
1793	0
1794	1
1795	0
1796	0
1797	0
1798	0
1799	1
1800	1
1801	0
1802	1
1803	0
1804	0
1805	0
1806	0
1807	0
1808	1
1809	0
1810	1
1811	1
1812	0
1813	0
1814	1
1815	0
1816	1
1817	0
1818	0
1819	1
1820	0
1821	1
1822	1
1823	1
1824	0
1825	0
1826	1
1827	0
1828	0
1829	1
1830	0
1831	0
1832	0
1833	1
1834	1
1835	1
1836	0
1837	1
1838	0
1839	1
1840	0
1841	0
1842	0
1843	0
1844	0
1845	0
1846	1
1847	0
1848	0
1849	1
1850	0
1851	1
1852	0
1853	0
1854	0
1855	0
1856	1
1857	1
1858	1
1859	0
1860	0
1861	0
1862	0
1863	1
1864	0
1865	0
1866	0
1867	0
1868	0
1869	0
1870	0
1871	0
1872	0
1873	0
1874	0
1875	0
1876	1
1877	0
1878	0
1879	1
1880	1
1881	1
1882	1
1883	0
1884	1
1885	0
1886	0
1887	1
1888	1
1889	0
1890	1
1891	0
1892	0
1893	0
1894	0
1895	0
1896	0
1897	0
1898	0
1899	1
1900	1
1901	1
1902	0
1903	0
1904	1
1905	0
1906	1
1907	0
1908	1
1909	0
1910	0
1911	0
1912	0
1913	0
1914	0
1915	1
1916	1
1917	0
1918	0
1919	1
1920	0
1921	0
1922	1
1923	0
1924	1
1925	0
1926	1
1927	1
1928	0
1929	1
1930	0
1931	0
1932	0
1933	0
1934	0
1935	0
1936	0
1937	1
1938	0
1939	1
1940	0
1941	0
1942	0
1943	1
1944	1
1945	0
1946	0
1947	0
1948	1
1949	0
1950	1
1951	1
1952	0
1953	0
1954	0
1955	0
1956	0
1957	0
1958	0
1959	0
1960	0
1961	1
1962	0
1963	1
1964	1
1965	0
1966	0
1967	0
1968	1
1969	0
1970	0
1971	0
1972	0
1973	0
1974	0
1975	0
1976	0
1977	0
1978	1
1979	1
1980	1
1981	0
1982	1
1983	0
1984	0
1985	1
1986	1
1987	1
1988	0
1989	1
1990	1
1991	0
1992	1
1993	1
1994	0
1995	1
1996	0
1997	0
1998	0
1999	1
2000	0
2001	1
2002	0
2003	0
2004	1
2005	0
2006	0
2007	0
2008	1
2009	0
2010	0
2011	0
2012	0
2013	0
2014	1
2015	0
2016	0
2017	1
2018	1
2019	0
2020	0
2021	0
2022	0
2023	1
2024	0
2025	0
2026	1
2027	1
2028	0
2029	1
2030	1
2031	1
2032	0
2033	0
2034	0
2035	0
2036	0
2037	0
2038	1
2039	1
2040	0
2041	1
2042	1
2043	1
2044	1
2045	0
2046	0
2047	0
2048	1
2049	0
2050	1
2051	1
2052	1
2053	0
2054	0
2055	1
2056	1
2057	0
2058	1
2059	1
2060	1
2061	0
2062	0
2063	0
2064	1
2065	0
2066	1
2067	0
2068	0
2069	0
2070	0
2071	0
2072	1
2073	0
2074	1
2075	1
2076	1
2077	0
2078	0
2079	0
2080	1
2081	1
2082	1
2083	1
2084	1
2085	0
2086	0
2087	0
2088	0
2089	1
2090	1
2091	1
2092	0
2093	0
2094	0
2095	1
2096	1
2097	0
2098	1
2099	0
2100	1
2101	1
2102	0
2103	1
2104	1
2105	1
2106	1
2107	0
2108	1
2109	0
2110	0
2111	0
2112	0
2113	0
2114	0
2115	0
2116	0
2117	0
2118	0
2119	1
2120	1
2121	0
2122	1
2123	1
2124	0
2125	0
2126	0
2127	0
2128	1
2129	0
2130	1
2131	1
2132	1
2133	0
2134	1
2135	0
2136	0
2137	0
2138	0
2139	0
2140	0
2141	0
2142	1
2143	1
2144	1
2145	1
2146	0
2147	0
2148	1
2149	1
2150	0
2151	0
2152	1
2153	0
2154	1
2155	1
2156	0
2157	1
2158	0
2159	1
2160	1
2161	1
2162	1
2163	0
2164	1
2165	0
2166	0
2167	1
2168	1
2169	0
2170	0
2171	0
2172	1
2173	1
2174	1
2175	1
2176	0
2177	0
2178	0
2179	1
2180	0
2181	0
2182	0
2183	1
2184	0
2185	0
2186	1
2187	0
2188	1
2189	1
2190	0
2191	0
2192	1
2193	1
2194	0
2195	1
2196	1
2197	0
2198	0
2199	0
2200	0
2201	1
2202	0
2203	1
2204	0
2205	1
2206	0
2207	1
2208	0
2209	1
2210	0
2211	1
2212	1
2213	0
2214	0
2215	0
2216	0
2217	0
2218	1
2219	0
2220	0
2221	1
2222	0
2223	1
2224	0
2225	0
2226	0
2227	0
2228	0
2229	1
2230	1
2231	0
2232	1
2233	1
2234	0
2235	0
2236	0
2237	0
2238	1
2239	1
2240	0
2241	1
2242	0
2243	0
2244	0
2245	0
2246	0
2247	0
2248	0
2249	1
2250	0
2251	1
2252	0
2253	1
2254	1
2255	1
2256	0
2257	1
2258	0
2259	0
2260	0
2261	0
2262	1
2263	0
2264	0
2265	1
2266	1
2267	1
2268	0
2269	0
2270	0
2271	0
2272	0
2273	1
2274	1
2275	1
2276	0
2277	0
2278	0
2279	0
2280	1
2281	1
2282	0
2283	0
2284	1
2285	0
2286	0
2287	0
2288	0
2289	0
2290	1
2291	0
2292	0
2293	1
2294	1
2295	1
2296	0
2297	1
2298	1
2299	0
2300	1
2301	0
2302	1
2303	0
2304	1
2305	0
2306	0
2307	0
2308	0
2309	1
2310	1
2311	0
2312	0
2313	0
2314	1
2315	0
2316	0
2317	1
2318	1
2319	0
2320	0
2321	0
2322	1
2323	1
2324	0
2325	0
2326	1
2327	0
2328	1
2329	0
2330	1
2331	0
2332	1
2333	1
2334	1
2335	0
2336	0
2337	1
2338	0
2339	1
2340	0
2341	0
2342	0
2343	1
2344	1
2345	1
2346	0
2347	1
2348	1
2349	0
2350	1
2351	1
2352	0
2353	1
2354	1
2355	0
2356	0
2357	0
2358	1
2359	1
2360	0
2361	0
2362	1
2363	0
2364	1
2365	0
2366	1
2367	1
2368	1
2369	1
2370	1
2371	1
2372	0
2373	0
2374	1
2375	1
2376	1
2377	0
2378	1
2379	0
2380	1
2381	1
2382	0
2383	1
2384	0
2385	1
2386	1
2387	0
2388	0
2389	0
2390	1
2391	1
2392	0
2393	0
2394	0
2395	1
2396	0
2397	1
2398	1
2399	1
2400	0
2401	1
2402	1
2403	0
2404	1
2405	0
2406	0
2407	0
2408	1
2409	0
2410	1
2411	1
2412	0
2413	1
2414	1
2415	0
2416	0
2417	1
2418	1
2419	0
2420	1
2421	1
2422	1
2423	0
2424	1
2425	1
2426	1
2427	0
2428	0
2429	1
2430	1
2431	1
2432	1
2433	1
2434	1
2435	0
2436	0
2437	1
2438	0
2439	0
2440	1
2441	1
2442	0
2443	0
2444	1
2445	0
2446	0
2447	1
2448	1
2449	0
2450	0
2451	1
2452	1
2453	1
2454	0
2455	1
2456	1
2457	0
2458	1
2459	0
2460	1
2461	1
2462	1
2463	0
2464	1
2465	1
2466	1
2467	0
2468	0
2469	0
2470	1
2471	1
2472	0
2473	0
2474	0
2475	1
2476	1
2477	0
2478	1
2479	0
2480	1
2481	1
2482	1
2483	0
2484	1
2485	1
2486	1
2487	0
2488	1
2489	1
2490	1
2491	0
2492	1
2493	0
2494	0
2495	1
2496	1
2497	0
2498	1
2499	0
2500	1
2501	1
2502	1
2503	0
2504	0
2505	1
2506	0
2507	1
2508	0
2509	1
2510	1
2511	1
2512	1
2513	1
2514	1
2515	0
2516	1
2517	1
2518	0
2519	0
2520	1
2521	1
2522	1
2523	1
2524	1
2525	1
2526	0
2527	1
2528	1
2529	1
2530	0
2531	0
2532	1
2533	0
2534	1
2535	1
2536	1
2537	1
2538	0
2539	0
2540	1
2541	0
2542	1
2543	0
2544	1
2545	1
2546	1
2547	0
2548	0
2549	0
2550	0
2551	1
2552	1
2553	1
2554	1
2555	1
2556	1
2557	0
2558	1
2559	0
2560	1
2561	1
2562	1
2563	0
2564	1
2565	0
2566	1
2567	1
2568	1
2569	1
2570	0
2571	0
2572	0
2573	1
2574	1
2575	1
2576	1
2577	0
2578	1
2579	1
2580	0
2581	1
2582	0
2583	1
2584	1
2585	1
2586	0
2587	1
2588	0
2589	1
2590	0
2591	0
2592	1
2593	0
2594	1
2595	0
2596	1
2597	0
2598	1
2599	0
2600	1
2601	0
2602	0
2603	1
2604	0
2605	1
2606	1
2607	1
2608	0
2609	0
2610	1
2611	0
2612	0
2613	0
2614	1
2615	1
2616	1
2617	0
2618	0
2619	0
2620	1
2621	1
2622	0
2623	1
2624	0
2625	1
2626	1
2627	1
2628	1
2629	1
2630	0
2631	1
2632	1
2633	0
2634	0
2635	1
2636	0
2637	0
2638	0
2639	1
2640	1
2641	0
2642	1
2643	1
2644	1
2645	0
2646	0
2647	1
2648	0
2649	0
2650	1
2651	1
2652	0
2653	1
2654	0
2655	1
2656	1
2657	0
2658	0
2659	1
2660	0
2661	0
2662	1
2663	0
2664	0
2665	0
2666	1
2667	1
2668	0
2669	0
2670	1
2671	1
2672	0
2673	1
2674	1
2675	0
2676	0
2677	0
2678	0
2679	0
2680	0
2681	1
2682	1
2683	0
2684	0
2685	1
2686	1
2687	0
2688	1
2689	0
2690	0
2691	1
2692	1
2693	1
2694	0
2695	0
2696	1
2697	0
2698	1
2699	0
2700	0
2701	1
2702	1
2703	0
2704	0
2705	1
2706	0
2707	1
2708	1
2709	0
2710	0
2711	1
2712	1
2713	0
2714	0
2715	0
2716	0
2717	1
2718	0
2719	1
2720	0
2721	0
2722	1
2723	0
2724	0
2725	1
2726	0
2727	0
2728	0
2729	0
2730	0
2731	0
2732	0
2733	1
2734	0
2735	0
2736	1
2737	1
2738	1
2739	0
2740	0
2741	1
2742	1
2743	1
2744	1
2745	1
2746	1
2747	0
2748	1
2749	1
2750	0
2751	0
2752	0
2753	0
2754	1
2755	1
2756	0
2757	0
2758	1
2759	0
2760	0
2761	0
2762	0
2763	1
2764	0
2765	0
2766	1
2767	0
2768	0
2769	1
2770	1
2771	0
2772	0
2773	0
2774	1
2775	0
2776	0
2777	1
2778	1
2779	1
2780	1
2781	1
2782	1
2783	1
2784	0
2785	1
2786	0
2787	0
2788	0
2789	1
2790	1
2791	1
2792	0
2793	0
2794	0
2795	1
2796	0
2797	0
2798	0
2799	0
2800	0
2801	1
2802	0
2803	0
2804	0
2805	0
2806	0
2807	0
2808	1
2809	1
2810	0
2811	0
2812	0
2813	0
2814	1
2815	0
2816	0
2817	0
2818	0
2819	1
2820	0
2821	0
2822	1
2823	1
2824	0
2825	1
2826	0
2827	1
2828	1
2829	0
2830	1
2831	0
2832	0
2833	0
2834	0
2835	1
2836	0
2837	1
2838	1
2839	0
2840	1
2841	1
2842	0
2843	0
2844	1
2845	0
2846	1
2847	1
2848	1
2849	0
2850	1
2851	1
2852	1
2853	1
2854	1
2855	0
2856	1
2857	1
2858	0
2859	0
2860	1
2861	1
2862	0
2863	1
2864	1
2865	0
2866	1
2867	1
2868	0
2869	0
2870	0
2871	0
2872	0
2873	1
2874	1
2875	0
2876	0
2877	1
2878	1
2879	1
2880	0
2881	0
2882	1
2883	1
2884	1
2885	0
2886	1
2887	1
2888	0
2889	0
2890	0
2891	1
2892	1
2893	0
2894	0
2895	0
2896	0
2897	0
2898	0
2899	1
2900	1
2901	0
2902	1
2903	1
2904	1
2905	0
2906	0
2907	1
2908	1
2909	1
2910	0
2911	1
2912	0
2913	0
2914	1
2915	0
2916	0
2917	0
2918	1
2919	1
2920	0
2921	0
2922	0
2923	0
2924	0
2925	0
2926	0
2927	0
2928	0
2929	0
2930	0
2931	0
2932	0
2933	1
2934	1
2935	0
2936	0
2937	0
2938	0
2939	0
2940	1
2941	1
2942	1
2943	1
2944	0
2945	0
2946	1
2947	0
2948	1
2949	1
2950	1
2951	0
2952	1
2953	1
2954	1
2955	0
2956	1
2957	0
2958	0
2959	1
2960	1
2961	1
2962	1
2963	1
2964	0
2965	0
2966	1
2967	0
2968	0
2969	1
2970	1
2971	1
2972	1
2973	1
2974	1
2975	1
2976	0
2977	0
2978	0
2979	1
2980	1
2981	0
2982	0
2983	1
2984	0
2985	0
2986	0
2987	0
2988	0
2989	1
2990	0
2991	1
2992	1
2993	0
2994	1
2995	1
2996	1
2997	1
2998	0
2999	0
3000	0
3001	0
3002	0
3003	1
3004	0
3005	1
3006	0
3007	1
3008	0
3009	0
3010	0
3011	1
3012	0
3013	0
3014	0
3015	1
3016	0
3017	1
3018	1
3019	1
3020	0
3021	0
3022	1
3023	0
3024	1
3025	1
3026	0
3027	1
3028	1
3029	1
3030	0
3031	0
3032	0
3033	0
3034	0
3035	0
3036	0
3037	0
3038	0
3039	0
3040	0
3041	0
3042	1
3043	0
3044	0
3045	0
3046	0
3047	0
3048	1
3049	0
3050	0
3051	0
3052	1
3053	1
3054	0
3055	0
3056	0
3057	0
3058	1
3059	0
3060	0
3061	0
3062	1
3063	0
3064	1
3065	0
3066	1
3067	1
3068	1
3069	1
3070	0
3071	0
3072	1
3073	1
3074	0
3075	1
3076	1
3077	0
3078	1
3079	0
3080	1
3081	0
3082	1
3083	0
3084	1
3085	1
3086	1
3087	1
3088	0
3089	1
3090	1
3091	0
3092	1
3093	1
3094	0
3095	1
3096	0
3097	0
3098	1
3099	0
3100	1
3101	1
3102	1
3103	1
3104	1
3105	1
3106	0
3107	1
3108	0
3109	0
3110	1
3111	1
3112	0
3113	1
3114	0
3115	1
3116	1
3117	1
3118	1
3119	0
3120	1
3121	0
3122	0
3123	0
3124	0
3125	0
3126	1
3127	0
3128	1
3129	0
3130	1
3131	0
3132	0
3133	0
3134	1
3135	0
3136	1
3137	1
3138	0
3139	1
3140	1
3141	1
3142	0
3143	1
3144	1
3145	1
3146	1
3147	0
3148	0
3149	0
3150	0
3151	1
3152	1
3153	0
3154	1
3155	0
3156	0
3157	0
3158	0
3159	1
3160	1
3161	1
3162	0
3163	0
3164	0
3165	0
3166	0
3167	1
3168	0
3169	0
3170	0
3171	0
3172	0
3173	1
3174	1
3175	0
3176	0
3177	0
3178	0
3179	1
3180	1
3181	1
3182	0
3183	0
3184	1
3185	1
3186	1
3187	0
3188	1
3189	0
3190	1
3191	1
3192	0
3193	1
3194	1
3195	1
3196	1
3197	1
3198	0
3199	0
3200	0
3201	1
3202	1
3203	1
3204	0
3205	1
3206	0
3207	0
3208	1
3209	0
3210	1
3211	0
3212	0
3213	0
3214	0
3215	0
3216	1
3217	1
3218	1
3219	0
3220	1
3221	1
3222	0
3223	0
3224	1
3225	1
3226	1
3227	1
3228	0
3229	0
3230	0
3231	0
3232	1
3233	0
3234	0
3235	0
3236	0
3237	1
3238	1
3239	0
3240	1
3241	0
3242	1
3243	0
3244	1
3245	0
3246	0
3247	0
3248	0
3249	0
3250	1
3251	0
3252	1
3253	1
3254	1
3255	1
3256	0
3257	1
3258	0
3259	0
3260	1
3261	1
3262	0
3263	1
3264	1
3265	0
3266	1
3267	1
3268	1
3269	0
3270	1
3271	0
3272	1
3273	1
3274	1
3275	0
3276	0
3277	1
3278	1
3279	0
3280	0
3281	0
3282	0
3283	0
3284	0
3285	0
3286	0
3287	1
3288	1
3289	0
3290	0
3291	0
3292	0
3293	1
3294	1
3295	0
3296	0
3297	0
3298	0
3299	0
3300	0
3301	0
3302	0
3303	1
3304	0
3305	0
3306	0
3307	1
3308	0
3309	0
3310	0
3311	0
3312	0
3313	0
3314	1
3315	0
3316	0
3317	1
3318	1
3319	1
3320	1
3321	0
3322	1
3323	0
3324	0
3325	0
3326	0
3327	0
3328	0
3329	0
3330	0
3331	0
3332	0
3333	1
3334	1
3335	0
3336	1
3337	1
3338	1
3339	0
3340	0
3341	0
3342	1
3343	0
3344	0
3345	0
3346	0
3347	1
3348	1
3349	1
3350	0
3351	0
3352	0
3353	0
3354	0
3355	1
3356	1
3357	0
3358	1
3359	1
3360	1
3361	0
3362	0
3363	0
3364	0
3365	0
3366	0
3367	1
3368	0
3369	0
3370	1
3371	0
3372	0
3373	1
3374	1
3375	0
3376	0
3377	1
3378	1
3379	0
3380	0
3381	1
3382	0
3383	1
3384	0
3385	1
3386	0
3387	1
3388	0
3389	1
3390	0
3391	0
3392	0
3393	0
3394	0
3395	0
3396	0
3397	0
3398	1
3399	1
3400	0
3401	0
3402	1
3403	1
3404	0
3405	1
3406	1
3407	0
3408	0
3409	0
3410	0
3411	1
3412	0
3413	0
3414	1
3415	0
3416	1
3417	0
3418	0
3419	1
3420	0
3421	0
3422	1
3423	1
3424	1
3425	1
3426	0
3427	0
3428	0
3429	0
3430	0
3431	1
3432	0
3433	0
3434	0
3435	0
3436	0
3437	1
3438	0
3439	1
3440	1
3441	0
3442	0
3443	0
3444	1
3445	1
3446	1
3447	1
3448	0
3449	0
3450	1
3451	0
3452	0
3453	1
3454	1
3455	1
3456	0
3457	0
3458	0
3459	1
3460	0
3461	0
3462	0
3463	1
3464	0
3465	0
3466	1
3467	0
3468	1
3469	0
3470	0
3471	0
3472	0
3473	1
3474	0
3475	0
3476	0
3477	0
3478	1
3479	0
3480	0
3481	1
3482	1
3483	0
3484	1
3485	0
3486	0
3487	0
3488	0
3489	0
3490	0
3491	1
3492	1
3493	1
3494	0
3495	0
3496	1
3497	0
3498	0
3499	1
3500	1
3501	1
3502	0
3503	0
3504	1
3505	0
3506	1
3507	0
3508	0
3509	1
3510	1
3511	0
3512	1
3513	0
3514	0
3515	0
3516	1
3517	0
3518	0
3519	1
3520	0
3521	0
3522	0
3523	0
3524	0
3525	0
3526	0
3527	0
3528	0
3529	0
3530	1
3531	0
3532	0
3533	1
3534	0
3535	0
3536	1
3537	1
3538	0
3539	1
3540	1
3541	0
3542	1
3543	0
3544	1
3545	1
3546	0
3547	0
3548	0
3549	0
3550	0
3551	1
3552	0
3553	0
3554	1
3555	0
3556	0
3557	1
3558	0
3559	0
3560	0
3561	0
3562	1
3563	1
3564	0
3565	0
3566	0
3567	0
3568	0
3569	0
3570	0
3571	0
3572	0
3573	0
3574	1
3575	1
3576	0
3577	1
3578	1
3579	0
3580	0
3581	0
3582	0
3583	0
3584	0
3585	0
3586	1
3587	0
3588	0
3589	1
3590	1
3591	0
3592	1
3593	0
3594	1
3595	0
3596	0
3597	0
3598	1
3599	1
3600	1
3601	1
3602	0
3603	0
3604	0
3605	0
3606	0
3607	0
3608	0
3609	1
3610	0
3611	0
3612	1
3613	0
3614	0
3615	0
3616	0
3617	0
3618	0
3619	0
3620	0
3621	1
3622	0
3623	1
3624	0
3625	0
3626	0
3627	0
3628	0
3629	0
3630	0
3631	0
3632	0
3633	0
3634	0
3635	1
3636	0
3637	0
3638	0
3639	0
3640	0
3641	1
3642	0
3643	0
3644	1
3645	0
3646	1
3647	0
3648	0
3649	1
3650	0
3651	0
3652	1
3653	1
3654	0
3655	0
3656	0
3657	0
3658	0
3659	0
3660	0
3661	0
3662	0
3663	1
3664	1
3665	0
3666	1
3667	1
3668	1
3669	1
3670	0
3671	0
3672	1
3673	1
3674	0
3675	1
3676	0
3677	0
3678	1
3679	0
3680	0
3681	0
3682	0
3683	1
3684	1
3685	0
3686	0
3687	1
3688	0
3689	0
3690	1
3691	0
3692	1
3693	0
3694	0
3695	1
3696	0
3697	1
3698	0
3699	0
3700	1
3701	1
3702	0
3703	0
3704	0
3705	1
3706	1
3707	0
3708	0
3709	1
3710	1
3711	0
3712	0
3713	0
3714	1
3715	0
3716	0
3717	0
3718	0
3719	0
3720	0
3721	1
3722	1
3723	0
3724	0
3725	0
3726	1
3727	0
3728	0
3729	0
3730	0
3731	1
3732	0
3733	1
3734	0
3735	0
3736	1
3737	1
3738	0
3739	0
3740	1
3741	1
3742	0
3743	0
3744	1
3745	0
3746	0
3747	1
3748	0
3749	0
3750	1
3751	1
3752	1
3753	0
3754	0
3755	1
3756	0
3757	1
3758	1
3759	0
3760	1
3761	0
3762	1
3763	1
3764	0
3765	0
3766	0
3767	0
3768	1
3769	0
3770	1
3771	1
3772	0
3773	0
3774	0
3775	1
3776	1
3777	1
3778	0
3779	0
3780	1
3781	0
3782	1
3783	1
3784	1
3785	0
3786	1
3787	1
3788	1
3789	1
3790	1
3791	1
3792	0
3793	0
3794	0
3795	1
3796	1
3797	0
3798	0
3799	0
3800	1
3801	0
3802	0
3803	0
3804	0
3805	1
3806	0
3807	0
3808	1
3809	0
3810	0
3811	0
3812	1
3813	1
3814	0
3815	0
3816	1
3817	0
3818	1
3819	0
3820	1
3821	0
3822	0
3823	0
3824	0
3825	1
3826	0
3827	0
3828	0
3829	0
3830	0
3831	1
3832	1
3833	0
3834	0
3835	1
3836	0
3837	0
3838	0
3839	0
3840	0
3841	0
3842	0
3843	0
3844	0
3845	0
3846	1
3847	0
3848	1
3849	0
3850	0
3851	1
3852	0
3853	1
3854	0
3855	0
3856	0
3857	0
3858	0
3859	0
3860	0
3861	1
3862	1
3863	0
3864	0
3865	1
3866	0
3867	1
3868	1
3869	0
3870	0
3871	0
3872	0
3873	1
3874	0
3875	1
3876	0
3877	0
3878	0
3879	0
3880	1
3881	0
3882	1
3883	0
3884	1
3885	0
3886	0
3887	0
3888	0
3889	0
3890	0
3891	1
3892	0
3893	0
3894	1
3895	0
3896	1
3897	0
3898	1
3899	0
3900	1
3901	0
3902	0
3903	0
3904	1
3905	0
3906	0
3907	0
3908	0
3909	0
3910	0
3911	1
3912	0
3913	1
3914	0
3915	0
3916	0
3917	1
3918	0
3919	0
3920	1
3921	1
3922	0
3923	1
3924	0
3925	0
3926	0
3927	0
3928	1
3929	0
3930	1
3931	0
3932	0
3933	0
3934	0
3935	1
3936	0
3937	0
3938	0
3939	0
3940	1
3941	0
3942	1
3943	1
3944	0
3945	1
3946	0
3947	1
3948	0
3949	1
3950	1
3951	0
3952	1
3953	0
3954	1
3955	0
3956	0
3957	1
3958	1
3959	0
3960	1
3961	0
3962	0
3963	0
3964	0
3965	1
3966	0
3967	1
3968	1
3969	0
3970	0
3971	0
3972	0
3973	0
3974	1
3975	1
3976	1
3977	0
3978	0
3979	1
3980	0
3981	1
3982	0
3983	0
3984	0
3985	0
3986	1
3987	0
3988	1
3989	1
3990	1
3991	1
3992	0
3993	0
3994	0
3995	0
3996	0
3997	0
3998	0
3999	0
4000	1
4001	0
4002	0
4003	0
4004	1
4005	1
4006	0
4007	0
4008	0
4009	1
4010	0
4011	0
4012	0
4013	1
4014	0
4015	1
4016	0
4017	0
4018	0
4019	1
4020	1
4021	1
4022	0
4023	0
4024	0
4025	0
4026	1
4027	0
4028	1
4029	0
4030	0
4031	0
4032	0
4033	1
4034	0
4035	1
4036	1
4037	0
4038	0
4039	0
4040	0
4041	0
4042	0
4043	1
4044	1
4045	1
4046	1
4047	1
4048	0
4049	1
4050	0
4051	1
4052	0
4053	1
4054	1
4055	1
4056	0
4057	1
4058	1
4059	1
4060	1
4061	0
4062	0
4063	1
4064	0
4065	1
4066	0
4067	1
4068	0
4069	0
4070	1
4071	0
4072	0
4073	0
4074	1
4075	0
4076	1
4077	0
4078	1
4079	0
4080	0
4081	1
4082	1
4083	0
4084	0
4085	0
4086	1
4087	1
4088	1
4089	0
4090	0
4091	1
4092	0
4093	0
4094	0
4095	1
4096	0
4097	0
4098	1
4099	0
4100	0
4101	0
4102	0
4103	0
4104	0
4105	1
4106	0
4107	1
4108	0
4109	0
4110	0
4111	1
4112	1
4113	0
4114	0
4115	0
4116	1
4117	0
4118	0
4119	1
4120	0
4121	0
4122	1
4123	1
4124	0
4125	1
4126	0
4127	1
4128	0
4129	0
4130	0
4131	0
4132	0
4133	0
4134	0
4135	1
4136	0
4137	1
4138	1
4139	0
4140	1
4141	1
4142	0
4143	0
4144	1
4145	1
4146	1
4147	0
4148	0
4149	1
4150	1
4151	1
4152	0
4153	0
4154	0
4155	0
4156	0
4157	0
4158	1
4159	0
4160	0
4161	1
4162	1
4163	0
4164	1
4165	0
4166	0
4167	1
4168	0
4169	1
4170	0
4171	1
4172	0
4173	0
4174	1
4175	0
4176	1
4177	0
4178	0
4179	0
4180	0
4181	1
4182	0
4183	1
4184	1
4185	1
4186	0
4187	0
4188	0
4189	0
4190	0
4191	1
4192	0
4193	1
4194	0
4195	1
4196	1
4197	1
4198	1
4199	0
4200	1
4201	0
4202	1
4203	0
4204	0
4205	0
4206	0
4207	1
4208	1
4209	0
4210	0
4211	1
4212	0
4213	1
4214	1
4215	0
4216	1
4217	1
4218	0
4219	1
4220	0
4221	0
4222	0
4223	0
4224	1
4225	1
4226	0
4227	0
4228	1
4229	1
4230	0
4231	0
4232	1
4233	0
4234	0
4235	0
4236	0
4237	1
4238	1
4239	0
4240	1
4241	0
4242	1
4243	1
4244	0
4245	1
4246	0
4247	0
4248	1
4249	0
4250	0
4251	1
4252	0
4253	1
4254	0
4255	1
4256	1
4257	0
4258	0
4259	0
4260	0
4261	1
4262	1
4263	0
4264	1
4265	0
4266	0
4267	1
4268	0
4269	0
4270	1
4271	0
4272	0
4273	0
4274	0
4275	1
4276	0
4277	1
4278	0
4279	0
4280	1
4281	0
4282	1
4283	0
4284	0
4285	0
4286	1
4287	0
4288	0
4289	1
4290	0
4291	0
4292	1
4293	1
4294	1
4295	1
4296	1
4297	1
4298	0
4299	1
4300	1
4301	0
4302	1
4303	0
4304	1
4305	0
4306	0
4307	1
4308	0
4309	0
4310	0
4311	1
4312	1
4313	0
4314	1
4315	0
4316	1
4317	1
4318	1
4319	0
4320	0
4321	1
4322	0
4323	0
4324	0
4325	0
4326	0
4327	0
4328	1
4329	1
4330	0
4331	1
4332	1
4333	1
4334	0
4335	1
4336	0
4337	0
4338	0
4339	0
4340	0
4341	1
4342	1
4343	0
4344	0
4345	1
4346	1
4347	0
4348	1
4349	1
4350	0
4351	0
4352	1
4353	0
4354	0
4355	0
4356	1
4357	1
4358	0
4359	0
4360	0
4361	0
4362	1
4363	0
4364	1
4365	0
4366	0
4367	1
4368	0
4369	0
4370	1
4371	0
4372	0
4373	1
4374	1
4375	0
4376	1
4377	0
4378	0
4379	1
4380	1
4381	1
4382	1
4383	0
4384	1
4385	1
4386	1
4387	1
4388	1
4389	1
4390	1
4391	0
4392	1
4393	0
4394	0
4395	0
4396	0
4397	0
4398	0
4399	1
4400	1
4401	0
4402	0
4403	1
4404	1
4405	0
4406	0
4407	0
4408	0
4409	1
4410	1
4411	0
4412	1
4413	0
4414	1
4415	0
4416	1
4417	1
4418	0
4419	1
4420	0
4421	1
4422	1
4423	0
4424	0
4425	0
4426	0
4427	1
4428	1
4429	0
4430	1
4431	1
4432	0
4433	0
4434	1
4435	0
4436	1
4437	1
4438	0
4439	1
4440	0
4441	1
4442	0
4443	0
4444	0
4445	1
4446	0
4447	1
4448	1
4449	0
4450	1
4451	1
4452	0
4453	1
4454	0
4455	1
4456	0
4457	0
4458	1
4459	0
4460	1
4461	0
4462	1
4463	0
4464	1
4465	1
4466	0
4467	1
4468	0
4469	0
4470	1
4471	1
4472	0
4473	1
4474	0
4475	1
4476	0
4477	0
4478	0
4479	0
4480	1
4481	1
4482	0
4483	0
4484	1
4485	0
4486	1
4487	0
4488	0
4489	0
4490	0
4491	0
4492	0
4493	0
4494	0
4495	0
4496	1
4497	0
4498	1
4499	0
4500	1
4501	0
4502	0
4503	1
4504	1
4505	0
4506	1
4507	0
4508	1
4509	0
4510	0
4511	0
4512	1
4513	1
4514	0
4515	1
4516	0
4517	0
4518	1
4519	0
4520	0
4521	0
4522	0
4523	1
4524	0
4525	0
4526	0
4527	0
4528	1
4529	0
4530	0
4531	0
4532	1
4533	0
4534	1
4535	0
4536	1
4537	0
4538	0
4539	0
4540	0
4541	1
4542	0
4543	1
4544	0
4545	1
4546	1
4547	1
4548	1
4549	1
4550	0
4551	1
4552	0
4553	1
4554	1
4555	0
4556	0
4557	1
4558	0
4559	1
4560	0
4561	0
4562	0
4563	0
4564	1
4565	0
4566	1
4567	0
4568	1
4569	1
4570	0
4571	0
4572	0
4573	0
4574	0
4575	0
4576	1
4577	1
4578	1
4579	0
4580	0
4581	1
4582	0
4583	0
4584	1
4585	1
4586	0
4587	1
4588	0
4589	0
4590	0
4591	1
4592	0
4593	0
4594	1
4595	0
4596	0
4597	0
4598	0
4599	0
4600	0
4601	1
4602	1
4603	0
4604	1
4605	0
4606	0
4607	1
4608	0
4609	1
4610	0
4611	1
4612	0
4613	1
4614	0
4615	0
4616	1
4617	0
4618	0
4619	0
4620	0
4621	1
4622	0
4623	1
4624	1
4625	0
4626	1
4627	0
4628	0
4629	0
4630	1
4631	0
4632	0
4633	1
4634	1
4635	0
4636	1
4637	0
4638	0
4639	0
4640	0
4641	1
4642	1
4643	1
4644	0
4645	1
4646	0
4647	0
4648	0
4649	0
4650	0
4651	0
4652	0
4653	0
4654	1
4655	0
4656	0
4657	0
4658	0
4659	0
4660	0
4661	0
4662	0
4663	1
4664	0
4665	0
4666	0
4667	0
4668	0
4669	1
4670	0
4671	1
4672	1
4673	1
4674	0
4675	0
4676	0
4677	0
4678	1
4679	1
4680	0
4681	1
4682	0
4683	1
4684	0
4685	0
4686	0
4687	0
4688	0
4689	0
4690	0
4691	0
4692	0
4693	0
4694	1
4695	0
4696	0
4697	1
4698	0
4699	0
4700	0
4701	1
4702	0
4703	0
4704	0
4705	1
4706	1
4707	0
4708	0
4709	0
4710	0
4711	0
4712	0
4713	0
4714	0
4715	1
4716	0
4717	0
4718	1
4719	0
4720	0
4721	1
4722	1
4723	0
4724	1
4725	1
4726	0
4727	0
4728	0
4729	0
4730	0
4731	0
4732	0
4733	0
4734	1
4735	1
4736	0
4737	0
4738	0
4739	0
4740	1
4741	0
4742	0
4743	1
4744	1
4745	0
4746	0
4747	1
4748	0
4749	0
4750	1
4751	1
4752	0
4753	1
4754	0
4755	0
4756	0
4757	0
4758	1
4759	1
4760	0
4761	0
4762	0
4763	0
4764	0
4765	1
4766	0
4767	1
4768	0
4769	0
4770	1
4771	1
4772	0
4773	0
4774	1
4775	0
4776	0
4777	1
4778	0
4779	0
4780	0
4781	0
4782	0
4783	1
4784	0
4785	0
4786	0
4787	0
4788	1
4789	0
4790	1
4791	0
4792	0
4793	1
4794	1
4795	1
4796	0
4797	1
4798	1
4799	1
4800	1
4801	0
4802	0
4803	0
4804	0
4805	0
4806	0
4807	0
4808	0
4809	0
4810	0
4811	0
4812	0
4813	0
4814	0
4815	0
4816	0
4817	0
4818	0
4819	0
4820	0
4821	1
4822	0
4823	0
4824	0
4825	0
4826	0
4827	0
4828	0
4829	0
4830	1
4831	0
4832	0
4833	0
4834	1
4835	1
4836	0
4837	0
4838	1
4839	0
4840	1
4841	0
4842	1
4843	0
4844	0
4845	0
4846	0
4847	1
4848	1
4849	1
4850	1
4851	1
4852	1
4853	0
4854	1
4855	0
4856	1
4857	0
4858	1
4859	0
4860	0
4861	0
4862	0
4863	0
4864	1
4865	1
4866	1
4867	0
4868	1
4869	1
4870	0
4871	0
4872	1
4873	1
4874	0
4875	0
4876	0
4877	0
4878	0
4879	0
4880	0
4881	1
4882	0
4883	0
4884	0
4885	1
4886	0
4887	1
4888	0
4889	1
4890	0
4891	0
4892	0
4893	0
4894	1
4895	0
4896	0
4897	0
4898	0
4899	0
4900	0
4901	1
4902	0
4903	1
4904	0
4905	1
4906	0
4907	0
4908	0
4909	0
4910	0
4911	0
4912	1
4913	0
4914	0
4915	1
4916	1
4917	0
4918	0
4919	0
4920	0
4921	0
4922	0
4923	0
4924	0
4925	0
4926	0
4927	0
4928	0
4929	0
4930	1
4931	1
4932	0
4933	0
4934	0
4935	0
4936	0
4937	0
4938	0
4939	0
4940	0
4941	0
4942	0
4943	0
4944	0
4945	0
4946	0
4947	0
4948	1
4949	0
4950	0
4951	1
4952	0
4953	1
4954	1
4955	0
4956	0
4957	0
4958	0
4959	0
4960	0
4961	1
4962	0
4963	1
4964	0
4965	1
4966	0
4967	0
4968	0
4969	0
4970	1
4971	1
4972	0
4973	0
4974	1
4975	0
4976	0
4977	0
4978	0
4979	1
4980	0
4981	1
4982	0
4983	0
4984	0
4985	0
4986	0
4987	0
4988	1
4989	0
4990	1
4991	0
4992	0
4993	0
4994	0
4995	1
4996	0
4997	0
4998	1
4999	1
5000	0
5001	0
5002	0
5003	1
5004	1
5005	0
5006	0
5007	0
5008	0
5009	0
5010	0
5011	0
5012	0
5013	1
5014	1
5015	1
5016	0
5017	0
5018	0
5019	0
5020	1
5021	0
5022	1
5023	1
5024	0
5025	1
5026	0
5027	0
5028	0
5029	0
5030	0
5031	0
5032	1
5033	0
5034	1
5035	0
5036	1
5037	1
5038	0
5039	1
5040	0
5041	1
5042	0
5043	0
5044	1
5045	1
5046	0
5047	0
5048	0
5049	0
5050	1
5051	1
5052	0
5053	0
5054	1
5055	0
5056	0
5057	0
5058	1
5059	1
5060	0
5061	1
5062	0
5063	0
5064	0
5065	1
5066	1
5067	0
5068	1
5069	0
5070	0
5071	0
5072	0
5073	0
5074	0
5075	0
5076	0
5077	1
5078	1
5079	0
5080	1
5081	1
5082	0
5083	0
5084	1
5085	1
5086	1
5087	0
5088	0
5089	0
5090	1
5091	0
5092	0
5093	0
5094	0
5095	0
5096	1
5097	0
5098	0
5099	0
5100	0
5101	0
5102	0
5103	0
5104	1
5105	1
5106	1
5107	0
5108	0
5109	0
5110	0
5111	1
5112	0
5113	1
5114	0
5115	0
5116	0
5117	0
5118	1
5119	1
5120	1
5121	0
5122	0
5123	1
5124	0
5125	0
5126	0
5127	0
5128	0
5129	1
5130	0
5131	0
5132	0
5133	1
5134	0
5135	1
5136	0
5137	0
5138	0
5139	1
5140	0
5141	0
5142	0
5143	1
5144	1
5145	1
5146	0
5147	0
5148	1
5149	1
5150	1
5151	0
5152	0
5153	0
5154	1
5155	0
5156	0
5157	1
5158	1
5159	0
5160	1
5161	1
5162	0
5163	0
5164	1
5165	1
5166	0
5167	0
5168	1
5169	0
5170	0
5171	1
5172	0
5173	0
5174	1
5175	0
5176	1
5177	0
5178	1
5179	1
5180	1
5181	1
5182	1
5183	0
5184	0
5185	0
5186	0
5187	1
5188	0
5189	1
5190	0
5191	1
5192	1
5193	0
5194	1
5195	1
5196	1
5197	1
5198	1
5199	1
5200	1
5201	0
5202	1
5203	1
5204	1
5205	0
5206	0
5207	1
5208	0
5209	0
5210	1
5211	0
5212	1
5213	0
5214	0
5215	0
5216	0
5217	0
5218	0
5219	1
5220	0
5221	0
5222	0
5223	1
5224	0
5225	0
5226	1
5227	0
5228	1
5229	0
5230	0
5231	1
5232	1
5233	0
5234	1
5235	1
5236	1
5237	1
5238	1
5239	1
5240	1
5241	1
5242	1
5243	1
5244	0
5245	1
5246	1
5247	1
5248	1
5249	1
5250	0
5251	1
5252	1
5253	0
5254	0
5255	0
5256	0
5257	0
5258	1
5259	1
5260	0
5261	1
5262	0
5263	1
5264	1
5265	1
5266	0
5267	0
5268	1
5269	1
5270	0
5271	1
5272	0
5273	0
5274	0
5275	0
5276	1
5277	1
5278	0
5279	1
5280	1
5281	1
5282	1
5283	1
5284	1
5285	1
5286	1
5287	1
5288	1
5289	0
5290	1
5291	1
5292	1
5293	1
5294	1
5295	1
5296	0
5297	1
5298	1
5299	0
5300	1
5301	1
5302	1
5303	1
5304	1
5305	1
5306	1
5307	1
5308	1
5309	0
5310	1
5311	1
5312	0
5313	0
5314	1
5315	1
5316	0
5317	0
5318	1
5319	0
5320	1
5321	0
5322	1
5323	0
5324	0
5325	0
5326	0
5327	1
5328	1
5329	1
5330	1
5331	0
5332	0
5333	1
5334	0
5335	1
5336	1
5337	0
5338	1
5339	1
5340	1
5341	0
5342	1
5343	1
5344	1
5345	1
5346	1
5347	1
5348	0
5349	1
5350	0
5351	1
5352	0
5353	1
5354	1
5355	0
5356	0
5357	1
5358	1
5359	1
5360	0
5361	1
5362	1
5363	1
5364	0
5365	1
5366	1
5367	0
5368	1
5369	1
5370	0
5371	1
5372	0
5373	1
5374	1
5375	1
5376	1
5377	1
5378	1
5379	1
5380	1
5381	1
5382	1
5383	1
5384	1
5385	1
5386	1
5387	1
5388	1
5389	1
5390	1
5391	1
5392	0
5393	1
5394	0
5395	1
5396	1
5397	1
5398	0
5399	1
5400	0
5401	1
5402	1
5403	0
5404	1
5405	1
5406	0
5407	1
5408	1
5409	1
5410	1
5411	1
5412	0
5413	1
5414	0
5415	1
5416	1
5417	1
5418	1
5419	0
5420	0
5421	1
5422	1
5423	0
5424	1
5425	1
5426	1
5427	1
5428	1
5429	1
5430	1
5431	0
5432	1
5433	1
5434	1
5435	1
5436	0
5437	0
5438	0
5439	0
5440	0
5441	1
5442	0
5443	0
5444	1
5445	0
5446	1
5447	1
5448	1
5449	0
5450	0
5451	1
5452	1
5453	1
5454	1
5455	0
5456	0
5457	1
5458	0
5459	1
5460	0
5461	0
5462	1
5463	0
5464	1
5465	1
5466	1
5467	1
5468	1
5469	0
5470	1
5471	1
5472	1
5473	0
5474	0
5475	0
5476	1
5477	0
5478	1
5479	1
5480	1
5481	0
5482	1
5483	1
5484	1
5485	0
5486	1
5487	0
5488	1
5489	1
5490	0
5491	0
5492	1
5493	0
5494	0
5495	1
5496	0
5497	0
5498	0
5499	1
5500	1
5501	0
5502	1
5503	1
5504	1
5505	0
5506	1
5507	1
5508	1
5509	1
5510	1
5511	1
5512	0
5513	0
5514	1
5515	1
5516	0
5517	0
5518	1
5519	1
5520	1
5521	1
5522	1
5523	0
5524	0
5525	1
5526	1
5527	1
5528	1
5529	1
5530	1
5531	1
5532	1
5533	0
5534	0
5535	1
5536	0
5537	1
5538	0
5539	1
5540	1
5541	1
5542	1
5543	1
5544	1
