0	0
1	0
2	0
3	1
4	1
5	0
6	0
7	0
8	1
9	0
10	0
11	0
12	0
13	0
14	0
15	1
16	0
17	0
18	1
19	1
20	1
21	0
22	0
23	0
24	1
25	0
26	1
27	1
28	0
29	0
30	1
31	0
32	1
33	0
34	1
35	1
36	1
37	0
38	0
39	1
40	0
41	1
42	1
43	0
44	0
45	1
46	0
47	0
48	1
49	0
50	1
51	1
52	0
53	1
54	0
55	1
56	0
57	0
58	0
59	1
60	1
61	0
62	1
63	1
64	0
65	0
66	1
67	0
68	1
69	0
70	0
71	0
72	0
73	0
74	1
75	1
76	1
77	0
78	0
79	1
80	0
81	1
82	1
83	1
84	1
85	1
86	1
87	0
88	0
89	0
90	0
91	0
92	1
93	1
94	0
95	0
96	1
97	0
98	0
99	1
100	0
101	1
102	1
103	0
104	0
105	0
106	1
107	1
108	1
109	0
110	0
111	0
112	1
113	1
114	0
115	1
116	1
117	1
118	0
119	1
120	1
121	1
122	0
123	1
124	1
125	1
126	0
127	0
128	1
129	0
130	1
131	1
132	1
133	1
134	0
135	0
136	0
137	0
138	1
139	0
140	0
141	0
142	0
143	1
144	1
145	0
146	0
147	0
148	0
149	0
150	0
151	1
152	0
153	0
154	1
155	1
156	0
157	0
158	0
159	1
160	0
161	1
162	1
163	0
164	0
165	1
166	0
167	0
168	0
169	0
170	1
171	0
172	1
173	1
174	0
175	1
176	1
177	0
178	0
179	0
180	1
181	0
182	1
183	1
184	1
185	0
186	1
187	0
188	0
189	1
190	0
191	0
192	0
193	0
194	1
195	1
196	0
197	0
198	1
199	0
200	1
201	0
202	0
203	0
204	1
205	1
206	1
207	1
208	1
209	0
210	1
211	1
212	1
213	1
214	1
215	0
216	1
217	0
218	1
219	1
220	0
221	1
222	0
223	0
224	0
225	1
226	1
227	1
228	0
229	1
230	0
231	0
232	0
233	1
234	0
235	0
236	1
237	1
238	1
239	0
240	1
241	0
242	0
243	0
244	0
245	0
246	1
247	1
248	1
249	1
250	1
251	0
252	0
253	1
254	1
255	0
256	1
257	0
258	0
259	0
260	1
261	1
262	1
263	0
264	1
265	1
266	1
267	0
268	1
269	1
270	1
271	1
272	1
273	1
274	0
275	0
276	1
277	1
278	1
279	1
280	1
281	0
282	0
283	0
284	1
285	0
286	0
287	1
288	0
289	1
290	1
291	1
292	0
293	1
294	0
295	1
296	0
297	0
298	1
299	0
300	1
301	0
302	1
303	1
304	0
305	1
306	0
307	1
308	0
309	0
310	0
311	1
312	0
313	0
314	1
315	0
316	0
317	0
318	0
319	0
320	1
321	0
322	1
323	1
324	0
325	1
326	0
327	0
328	0
329	0
330	1
331	0
332	1
333	0
334	0
335	0
336	0
337	0
338	1
339	0
340	0
341	0
342	0
343	0
344	1
345	0
346	0
347	1
348	1
349	0
350	0
351	1
352	1
353	0
354	0
355	0
356	0
357	1
358	0
359	0
360	0
361	1
362	0
363	0
364	0
365	0
366	0
367	0
368	1
369	1
370	1
371	1
372	0
373	1
374	0
375	0
376	1
377	1
378	0
379	1
380	1
381	1
382	1
383	1
384	0
385	1
386	0
387	1
388	1
389	1
390	1
391	0
392	1
393	0
394	0
395	1
396	1
397	0
398	0
399	1
400	1
401	0
402	1
403	1
404	1
405	1
406	1
407	1
408	0
409	1
410	1
411	0
412	0
413	1
414	1
415	1
416	0
417	0
418	1
419	1
420	0
421	0
422	1
423	0
424	0
425	0
426	0
427	0
428	0
429	0
430	0
431	1
432	0
433	0
434	0
435	0
436	0
437	1
438	0
439	0
440	0
441	0
442	0
443	1
444	0
445	0
446	1
447	1
448	1
449	0
450	1
451	0
452	1
453	1
454	0
455	0
456	1
457	0
458	1
459	0
460	0
461	1
462	1
463	1
464	1
465	1
466	0
467	0
468	1
469	0
470	0
471	0
472	0
473	1
474	0
475	0
476	1
477	0
478	1
479	1
480	1
481	0
482	0
483	0
484	1
485	0
486	0
487	0
488	0
489	1
490	1
491	0
492	1
493	0
494	0
495	1
496	1
497	0
498	0
499	0
500	1
501	1
502	0
503	1
504	1
505	0
506	0
507	0
508	1
509	1
510	1
511	0
512	1
513	1
514	1
515	0
516	0
517	1
518	0
519	1
520	1
521	0
522	1
523	0
524	1
525	0
526	0
527	0
528	0
529	0
530	1
531	0
532	0
533	0
534	0
535	0
536	1
537	1
538	0
539	0
540	1
541	1
542	0
543	0
544	0
545	0
546	0
547	1
548	0
549	1
550	0
551	0
552	0
553	0
554	0
555	0
556	1
557	0
558	0
559	1
560	0
561	1
562	1
563	0
564	0
565	0
566	0
567	1
568	1
569	1
570	0
571	0
572	1
573	0
574	0
575	0
576	0
577	0
578	0
579	1
580	0
581	1
582	0
583	0
584	0
585	0
586	0
587	0
588	0
589	0
590	1
591	0
592	0
593	0
594	0
595	1
596	0
597	0
598	1
599	0
600	1
601	1
602	0
603	0
604	1
605	0
606	0
607	1
608	1
609	1
610	0
611	0
612	0
613	1
614	0
615	1
616	1
617	1
618	0
619	1
620	1
621	1
622	0
623	1
624	0
625	0
626	0
627	0
628	0
629	1
630	0
631	0
632	1
633	0
634	1
635	1
636	1
637	1
638	0
639	1
640	0
641	0
642	0
643	1
644	1
645	0
646	0
647	0
648	1
649	0
650	0
651	1
652	0
653	0
654	0
655	0
656	0
657	1
658	0
659	0
660	0
661	0
662	0
663	1
664	0
665	1
666	1
667	1
668	1
669	1
670	0
671	0
672	0
673	0
674	0
675	1
676	1
677	0
678	1
679	0
680	1
681	0
682	1
683	0
684	1
685	1
686	1
687	1
688	0
689	1
690	1
691	0
692	0
693	0
694	0
695	0
696	0
697	0
698	0
699	1
700	0
701	1
702	0
703	0
704	0
705	0
706	1
707	0
708	0
709	1
710	0
711	0
712	1
713	0
714	0
715	1
716	0
717	1
718	1
719	0
720	1
721	1
722	1
723	0
724	0
725	1
726	0
727	0
728	0
729	0
730	0
731	1
732	0
733	1
734	1
735	1
736	1
737	0
738	1
739	0
740	0
741	1
742	0
743	1
744	0
745	1
746	1
747	1
748	1
749	0
750	0
751	0
752	0
753	0
754	0
755	0
756	0
757	1
758	0
759	1
760	0
761	0
762	0
763	0
764	0
765	0
766	0
767	1
768	0
769	0
770	0
771	0
772	1
773	0
774	1
775	1
776	0
777	0
778	0
779	0
780	0
781	0
782	1
783	0
784	0
785	1
786	0
787	0
788	0
789	0
790	0
791	0
792	0
793	1
794	0
795	1
796	0
797	0
798	0
799	0
800	0
801	1
802	0
803	0
804	0
805	0
806	0
807	0
808	0
809	1
810	0
811	1
812	1
813	0
814	0
815	1
816	0
817	1
818	1
819	0
820	0
821	0
822	1
823	0
824	0
825	0
826	0
827	0
828	1
829	0
830	0
831	0
832	1
833	1
834	1
835	1
836	0
837	1
838	0
839	1
840	0
841	0
842	1
843	0
844	1
845	0
846	0
847	0
848	0
849	1
850	0
851	1
852	0
853	0
854	1
855	0
856	0
857	0
858	1
859	0
860	0
861	0
862	0
863	1
864	1
865	0
866	1
867	0
868	0
869	0
870	1
871	1
872	0
873	1
874	0
875	0
876	0
877	1
878	0
879	1
880	1
881	1
882	1
883	0
884	0
885	1
886	1
887	1
888	1
889	1
890	0
891	0
892	0
893	0
894	0
895	1
896	0
897	1
898	1
899	0
900	0
901	1
902	0
903	1
904	0
905	0
906	1
907	0
908	0
909	0
910	0
911	1
912	1
913	1
914	0
915	0
916	1
917	0
918	1
919	0
920	1
921	0
922	0
923	0
924	0
925	0
926	1
927	0
928	0
929	1
930	1
931	0
932	0
933	1
934	0
935	0
936	0
937	0
938	0
939	0
940	0
941	0
942	0
943	0
944	0
945	0
946	0
947	1
948	0
949	1
950	0
951	0
952	0
953	0
954	1
955	1
956	0
957	0
958	0
959	0
960	0
961	1
962	0
963	0
964	1
965	0
966	0
967	0
968	0
969	0
970	0
971	0
972	1
973	1
974	0
975	0
976	0
977	0
978	1
979	0
980	0
981	0
982	1
983	0
984	0
985	0
986	0
987	1
988	0
989	1
990	1
991	0
992	0
993	0
994	0
995	0
996	0
997	0
998	0
999	0
1000	0
1001	0
1002	0
1003	0
1004	0
1005	1
1006	0
1007	0
1008	1
1009	1
1010	0
1011	0
1012	1
1013	0
1014	1
1015	0
1016	1
1017	0
1018	1
1019	0
1020	0
1021	0
1022	1
1023	0
1024	0
1025	1
1026	0
1027	0
1028	0
1029	0
1030	1
1031	0
1032	1
1033	1
1034	0
1035	1
1036	1
1037	0
1038	1
1039	0
1040	0
1041	0
1042	1
1043	0
1044	0
1045	0
1046	0
1047	1
1048	0
1049	1
1050	0
1051	1
1052	0
1053	0
1054	0
1055	1
1056	0
1057	1
1058	0
1059	0
1060	1
1061	1
1062	1
1063	1
1064	0
1065	1
1066	1
1067	0
1068	0
1069	1
1070	0
1071	0
1072	1
1073	0
1074	0
1075	1
1076	0
1077	1
1078	0
1079	0
1080	0
1081	0
1082	1
1083	0
1084	1
1085	0
1086	0
1087	0
1088	0
1089	0
1090	0
1091	0
1092	1
1093	0
1094	1
1095	0
1096	1
1097	0
1098	0
1099	0
1100	0
1101	0
1102	0
1103	1
1104	0
1105	1
1106	0
1107	1
1108	0
1109	0
1110	1
1111	1
1112	0
1113	1
1114	1
1115	1
1116	0
1117	0
1118	0
1119	0
1120	0
1121	1
1122	0
1123	0
1124	1
1125	1
1126	1
1127	1
1128	0
1129	0
1130	0
1131	0
1132	1
1133	0
1134	1
1135	0
1136	0
1137	1
1138	0
1139	0
1140	1
1141	0
1142	0
1143	0
1144	1
1145	0
1146	0
1147	1
1148	0
1149	0
1150	0
1151	0
1152	1
1153	0
1154	1
1155	0
1156	0
1157	0
1158	0
1159	1
1160	0
1161	0
1162	1
1163	1
1164	1
1165	1
1166	0
1167	1
1168	0
1169	0
1170	1
1171	0
1172	0
1173	1
1174	0
1175	0
1176	0
1177	0
1178	0
1179	1
1180	0
1181	1
1182	0
1183	0
1184	0
1185	0
1186	0
1187	0
1188	1
1189	0
1190	0
1191	1
1192	1
1193	0
1194	0
1195	1
1196	1
1197	1
1198	0
1199	0
1200	0
1201	0
1202	0
1203	0
1204	0
1205	1
1206	0
1207	1
1208	0
1209	0
1210	0
1211	0
1212	1
1213	1
1214	0
1215	1
1216	1
1217	0
1218	1
1219	0
1220	0
1221	0
1222	1
