0	1
1	1
2	1
3	0
4	0
5	1
6	0
7	1
8	1
9	1
10	0
11	1
12	0
13	0
14	1
15	0
16	1
17	0
18	1
19	0
20	0
21	0
22	1
23	0
24	1
25	1
26	0
27	0
28	1
29	1
30	0
31	1
32	1
33	0
34	0
35	0
36	0
37	0
38	0
39	0
40	0
41	0
42	1
43	1
44	0
45	1
46	0
47	0
48	1
49	1
50	1
51	1
52	0
53	0
54	0
55	1
56	1
57	1
58	1
59	1
60	1
61	1
62	0
63	0
64	1
65	1
66	0
67	1
68	0
69	1
70	0
71	1
72	0
73	1
74	1
75	1
76	1
77	1
78	1
79	1
80	0
81	1
82	1
83	1
84	0
85	1
86	1
87	1
88	1
89	1
90	0
91	1
92	1
93	0
94	1
95	1
96	1
97	1
98	1
99	1
100	1
101	0
102	1
103	1
104	1
105	1
106	0
107	1
108	1
109	1
110	0
111	1
112	0
113	1
114	1
115	1
116	1
117	0
118	1
119	1
120	0
121	1
122	1
123	1
124	1
125	0
126	0
127	0
128	1
129	1
130	1
131	1
132	1
133	0
134	1
135	1
136	0
137	0
138	1
139	1
140	0
141	1
142	1
143	1
144	1
145	1
146	1
147	0
148	0
149	0
150	1
151	1
152	1
153	1
154	0
155	1
156	1
157	0
158	0
159	1
160	1
161	0
162	1
163	0
164	1
165	1
166	1
167	0
168	1
169	1
170	0
171	1
172	1
173	0
174	0
175	1
176	1
177	1
178	0
179	0
180	1
181	1
182	1
183	0
184	1
185	0
186	0
187	1
188	1
189	0
190	0
191	1
192	0
193	1
194	0
195	0
196	1
197	0
198	1
199	1
200	1
201	1
202	1
203	0
204	1
205	0
206	0
207	1
208	1
209	1
210	1
211	1
212	0
213	1
214	0
215	0
216	0
217	1
218	1
219	1
220	1
221	1
222	1
223	0
224	1
225	1
226	1
227	1
228	1
229	1
230	1
231	1
232	0
233	1
234	1
235	0
236	1
237	1
238	1
239	1
240	1
241	0
242	1
243	0
244	1
245	0
246	0
247	1
248	0
249	0
250	0
251	0
252	0
253	0
254	1
255	0
256	0
257	0
258	1
259	0
260	1
261	1
262	0
263	0
264	0
265	0
266	1
267	1
268	1
269	1
270	0
271	1
272	1
273	1
274	1
275	1
276	1
277	1
278	1
279	0
280	1
281	1
282	1
283	1
284	1
285	0
286	1
287	1
288	1
289	1
290	0
291	1
292	0
293	0
294	1
295	1
296	1
297	1
298	1
299	1
300	0
301	0
302	0
303	0
304	1
305	0
306	1
307	0
308	1
309	1
310	1
311	1
312	0
313	1
314	1
315	0
316	1
317	1
318	1
319	1
320	0
321	1
322	1
323	1
324	1
325	0
326	0
327	1
328	0
329	1
330	1
331	0
332	1
333	0
334	1
335	1
336	1
337	0
338	0
339	1
340	1
341	1
342	1
343	0
344	1
345	1
346	1
347	1
348	1
349	1
350	1
351	1
352	0
353	1
354	1
355	0
356	0
357	1
358	1
359	0
360	1
361	1
362	0
363	1
364	0
365	1
366	1
367	1
368	1
369	0
370	1
371	0
372	1
373	1
374	0
375	1
376	0
377	1
378	0
379	1
380	1
381	1
382	1
383	1
384	1
385	1
386	1
387	1
388	1
389	0
390	1
391	0
392	1
393	0
394	0
395	1
396	1
397	1
398	1
399	0
400	0
401	0
402	1
403	1
404	1
405	1
406	1
407	1
408	0
409	1
410	0
411	1
412	1
413	0
414	1
415	1
416	1
417	1
418	1
419	1
420	1
421	1
422	0
423	0
424	0
425	1
426	0
427	1
428	0
429	1
430	1
431	1
432	1
433	1
434	1
435	1
436	1
437	0
438	0
439	1
440	1
441	1
442	0
443	1
444	1
445	0
446	0
447	1
448	1
449	1
450	1
451	0
452	1
453	1
454	1
455	1
456	0
457	0
458	1
459	0
460	1
461	1
462	0
463	0
464	1
465	1
466	1
467	1
468	1
469	1
470	1
471	0
472	1
473	1
474	1
475	0
476	1
477	0
478	1
479	1
480	1
481	0
482	0
483	0
484	1
485	1
486	1
487	0
488	1
489	0
490	0
491	0
492	1
493	1
494	1
495	1
496	1
497	0
498	1
499	0
500	1
501	1
502	1
503	1
504	1
505	1
506	1
507	0
508	0
509	1
510	0
511	0
512	0
513	1
514	1
515	0
516	1
517	1
518	1
519	1
520	1
521	1
522	1
523	1
524	1
525	1
526	1
527	1
528	1
529	0
530	0
531	1
532	0
533	1
534	0
535	1
536	0
537	1
538	1
539	0
540	1
541	1
542	0
543	0
544	0
545	1
546	0
547	0
548	1
549	1
550	1
551	0
552	0
553	0
554	0
555	0
556	1
557	0
558	1
559	0
560	0
561	1
562	1
563	0
564	1
565	1
566	1
567	1
568	0
569	0
570	1
571	1
572	0
573	0
574	1
575	1
576	0
577	1
578	0
579	1
580	0
581	0
582	0
583	1
584	0
585	1
586	0
587	0
588	1
589	1
590	1
591	0
592	0
593	0
594	1
595	0
596	0
597	1
598	1
599	0
600	0
601	1
602	1
603	1
604	0
605	1
606	1
607	1
608	0
609	1
610	0
611	1
612	1
613	0
614	0
615	1
616	0
617	0
618	0
619	0
620	0
621	1
622	1
623	1
624	1
625	0
626	0
627	1
628	1
629	1
630	1
631	0
632	0
633	0
634	1
635	0
636	1
637	1
638	0
639	1
640	1
641	1
642	0
643	1
644	0
645	1
646	0
647	0
648	1
649	1
650	1
651	1
652	0
653	1
654	1
655	0
656	1
657	1
658	0
659	1
660	0
661	0
662	1
663	1
664	1
665	0
666	1
667	0
668	1
669	0
670	1
671	0
672	1
673	0
674	1
675	1
676	1
677	0
678	1
679	1
680	0
681	0
682	1
683	0
684	1
685	1
686	1
687	1
688	0
689	0
690	0
691	1
692	0
693	0
694	0
695	1
696	1
697	1
698	1
699	1
700	0
701	0
702	1
703	1
704	0
705	0
706	0
707	0
708	1
709	0
710	0
711	1
712	0
713	0
714	1
715	0
716	0
717	1
718	0
719	0
720	1
721	1
722	0
723	0
724	1
725	0
726	1
727	0
728	0
729	1
730	1
731	1
732	1
733	1
734	0
735	1
736	1
737	1
738	1
739	1
740	1
741	1
742	1
743	1
744	1
745	0
746	0
747	0
748	0
749	0
750	1
751	1
752	0
753	0
754	0
755	1
756	1
757	0
758	1
759	1
760	0
761	1
762	1
763	0
764	1
765	1
766	0
767	1
768	0
769	0
770	1
771	1
772	0
773	1
774	0
775	0
776	1
777	1
778	1
779	1
780	1
781	1
782	0
783	0
784	1
785	1
786	1
787	1
788	1
789	1
790	0
791	0
792	1
793	0
794	1
795	1
796	0
797	1
798	0
799	0
800	1
801	0
802	1
803	1
804	0
805	1
806	0
807	0
808	1
809	1
810	1
811	0
812	0
813	1
814	1
815	1
816	1
817	0
818	1
819	1
820	1
821	0
822	1
823	0
824	0
825	0
826	1
827	1
828	1
829	1
830	1
831	1
832	1
833	1
834	1
835	0
836	1
837	0
838	0
839	0
840	1
841	1
842	1
843	1
844	1
845	1
846	0
847	1
848	1
849	1
850	1
851	0
852	0
853	1
854	1
855	0
856	1
857	1
858	1
859	1
860	1
861	0
862	1
863	1
864	1
865	1
866	0
867	1
868	1
869	1
870	0
871	1
872	1
873	0
874	0
875	0
876	0
877	1
878	0
879	1
880	1
881	1
882	0
883	1
884	1
885	0
886	0
887	1
888	0
889	1
890	1
891	1
892	1
893	1
894	1
895	0
896	1
897	0
898	0
899	0
900	0
901	1
902	1
903	1
904	1
905	0
906	1
907	1
908	0
909	0
910	0
911	0
912	0
913	1
914	1
915	0
916	0
917	0
918	1
919	1
920	1
921	1
922	1
923	1
924	1
925	0
926	1
927	1
928	0
929	0
930	0
931	1
932	1
933	0
934	1
935	0
936	0
937	1
938	0
939	0
940	1
941	1
942	1
943	1
944	1
945	0
946	1
947	0
948	0
949	0
950	0
951	0
952	1
953	0
954	1
955	1
956	1
957	1
958	0
959	1
960	0
961	1
962	0
963	1
964	1
965	0
966	0
967	0
968	0
969	0
970	1
971	1
972	0
973	0
974	0
975	0
976	1
977	1
978	0
979	1
980	0
981	1
982	1
983	1
984	1
985	1
986	1
987	1
988	0
989	1
990	0
991	0
992	1
993	1
994	1
995	1
996	0
997	1
998	1
999	1
1000	0
1001	1
1002	1
1003	1
1004	0
1005	0
1006	1
1007	1
1008	0
1009	0
1010	1
1011	1
1012	1
1013	1
1014	1
1015	0
1016	0
1017	0
1018	0
1019	0
1020	0
1021	0
1022	0
1023	0
1024	1
1025	0
1026	1
1027	1
1028	1
1029	1
1030	1
1031	0
1032	1
1033	1
1034	1
1035	1
1036	0
1037	1
1038	1
1039	0
1040	1
1041	1
1042	0
1043	1
1044	1
1045	1
1046	1
1047	0
1048	1
1049	0
1050	1
1051	1
1052	1
1053	1
1054	1
1055	0
1056	1
1057	1
1058	1
1059	1
1060	1
1061	0
1062	1
1063	1
1064	1
1065	0
1066	1
1067	0
1068	1
1069	1
1070	1
1071	1
1072	1
1073	1
1074	0
1075	1
1076	0
1077	0
1078	1
1079	0
1080	1
1081	1
1082	1
1083	1
1084	1
1085	1
1086	1
1087	1
1088	0
1089	1
1090	1
1091	1
1092	1
1093	1
1094	1
1095	1
1096	0
1097	1
1098	0
1099	0
1100	1
1101	0
1102	0
1103	1
1104	1
1105	1
1106	0
1107	1
1108	0
1109	0
1110	1
1111	0
1112	1
1113	1
1114	1
1115	1
1116	1
1117	1
1118	0
1119	1
1120	1
1121	1
1122	0
1123	0
1124	1
1125	0
1126	0
1127	0
1128	0
1129	0
1130	0
1131	1
1132	1
1133	1
1134	0
1135	0
1136	1
1137	1
1138	0
1139	1
1140	1
1141	1
1142	1
1143	1
1144	1
1145	1
1146	0
1147	1
1148	0
1149	0
1150	0
1151	1
1152	1
1153	1
1154	0
1155	1
1156	1
1157	0
1158	1
1159	1
1160	1
1161	1
1162	1
1163	1
1164	0
1165	1
1166	1
1167	1
1168	0
1169	1
1170	0
1171	0
1172	0
1173	0
1174	1
1175	1
1176	1
1177	1
1178	1
1179	0
1180	0
1181	1
1182	0
1183	0
1184	0
1185	1
1186	0
1187	1
1188	0
1189	1
1190	1
1191	0
1192	1
1193	1
1194	1
1195	1
1196	0
1197	1
1198	1
1199	1
1200	0
1201	0
1202	1
1203	0
1204	0
1205	1
1206	1
1207	1
1208	1
1209	1
1210	0
1211	1
1212	1
1213	0
1214	0
1215	1
1216	1
1217	1
1218	0
1219	1
1220	0
1221	1
1222	0
1223	1
1224	0
1225	0
1226	1
1227	1
1228	1
1229	1
1230	1
1231	1
1232	1
1233	1
1234	1
1235	1
1236	1
1237	1
1238	0
1239	0
1240	1
1241	1
1242	0
1243	1
1244	1
1245	1
1246	0
1247	1
1248	1
1249	1
1250	1
1251	0
1252	1
1253	1
1254	1
1255	0
1256	1
1257	0
1258	1
1259	1
1260	1
1261	0
1262	1
1263	0
1264	1
1265	1
1266	1
1267	1
1268	1
1269	1
1270	0
1271	1
1272	1
1273	0
1274	0
1275	1
1276	1
1277	0
1278	0
1279	1
1280	1
1281	0
1282	1
1283	1
1284	1
1285	1
1286	0
1287	0
1288	1
1289	0
1290	1
1291	0
1292	0
1293	0
1294	1
1295	1
1296	1
1297	1
1298	1
1299	1
1300	0
1301	0
1302	1
1303	1
1304	1
1305	0
1306	1
1307	1
1308	1
1309	0
1310	1
1311	0
1312	1
1313	1
1314	1
1315	0
1316	1
1317	1
1318	0
1319	0
1320	1
1321	1
1322	0
1323	0
1324	0
1325	1
1326	0
1327	1
1328	1
1329	1
1330	1
1331	0
1332	1
1333	1
1334	1
1335	1
1336	0
1337	0
1338	0
1339	0
1340	1
1341	0
1342	0
1343	1
1344	1
1345	1
1346	1
1347	1
1348	0
1349	1
1350	1
1351	0
1352	1
1353	1
1354	1
1355	1
1356	1
1357	0
1358	1
1359	1
1360	1
1361	0
1362	0
1363	0
1364	1
1365	0
1366	1
1367	0
1368	0
1369	1
1370	1
1371	1
1372	0
1373	1
1374	0
1375	0
1376	0
1377	1
1378	1
1379	0
1380	1
1381	0
1382	0
1383	1
1384	1
1385	1
1386	1
1387	1
1388	1
1389	1
1390	1
1391	1
1392	1
1393	0
1394	0
1395	0
1396	1
1397	0
1398	1
1399	1
1400	1
1401	1
1402	1
1403	1
1404	1
1405	1
1406	1
1407	1
1408	1
1409	1
1410	1
1411	1
1412	1
1413	0
1414	0
1415	1
1416	0
1417	1
1418	1
1419	1
1420	0
1421	1
1422	1
1423	1
1424	0
1425	0
1426	1
1427	0
1428	1
1429	0
1430	1
1431	1
1432	1
1433	0
1434	1
1435	1
1436	1
1437	1
1438	1
1439	0
1440	0
1441	0
1442	1
1443	1
1444	1
1445	1
1446	0
1447	1
1448	1
1449	1
1450	0
1451	1
1452	1
1453	0
1454	1
1455	0
1456	0
1457	0
1458	1
1459	0
1460	0
1461	1
1462	1
1463	0
1464	0
1465	0
1466	1
1467	1
1468	0
1469	1
1470	1
1471	1
1472	1
1473	0
1474	0
1475	1
1476	1
1477	1
1478	0
1479	1
1480	1
1481	0
1482	0
1483	1
1484	1
1485	0
1486	1
1487	0
1488	0
1489	1
1490	1
1491	1
1492	1
1493	1
1494	0
1495	1
1496	1
1497	0
1498	0
1499	1
1500	0
1501	1
1502	1
1503	1
1504	1
1505	1
1506	0
1507	1
1508	0
1509	0
1510	0
1511	0
1512	0
1513	1
1514	1
1515	1
1516	1
1517	1
1518	1
1519	1
1520	0
1521	1
1522	1
1523	1
1524	0
1525	1
1526	1
1527	1
1528	1
1529	1
1530	1
1531	1
1532	0
1533	1
1534	1
1535	1
1536	0
1537	0
1538	0
1539	1
1540	1
1541	1
1542	0
1543	1
1544	1
1545	1
1546	1
1547	0
1548	1
1549	0
1550	0
1551	1
1552	1
1553	1
1554	0
1555	0
1556	1
1557	0
1558	0
1559	1
1560	1
1561	0
1562	1
1563	1
1564	1
1565	0
1566	1
1567	1
1568	1
1569	1
1570	1
1571	1
1572	0
1573	1
1574	1
1575	1
1576	0
1577	0
1578	0
1579	0
1580	1
1581	1
1582	0
1583	0
1584	1
1585	0
1586	1
1587	1
1588	0
1589	1
1590	0
1591	0
1592	1
1593	0
1594	0
1595	1
1596	1
1597	0
1598	1
1599	0
1600	1
1601	0
1602	1
1603	1
1604	0
1605	0
1606	0
1607	0
1608	1
1609	1
1610	0
1611	0
1612	1
1613	1
1614	1
1615	0
1616	1
1617	1
1618	1
1619	1
1620	1
1621	1
1622	1
1623	1
1624	1
1625	0
1626	0
1627	1
1628	1
1629	1
1630	1
1631	0
1632	1
1633	1
1634	1
1635	1
1636	1
1637	1
1638	1
1639	0
1640	0
1641	1
1642	1
1643	0
1644	1
1645	1
1646	0
1647	0
1648	0
1649	1
1650	0
1651	1
1652	1
1653	0
1654	0
1655	0
1656	1
1657	1
1658	1
1659	1
1660	1
1661	1
1662	0
1663	1
1664	0
1665	0
1666	0
1667	1
1668	0
1669	0
1670	1
1671	1
1672	0
1673	1
1674	0
1675	1
1676	1
1677	1
1678	1
1679	0
1680	1
1681	1
1682	1
1683	0
1684	1
1685	0
1686	1
1687	0
1688	1
1689	1
1690	1
1691	1
1692	0
1693	1
1694	0
1695	0
1696	1
1697	0
1698	1
1699	0
1700	1
1701	1
1702	1
1703	0
1704	1
1705	0
1706	1
1707	0
1708	0
1709	0
1710	1
1711	1
1712	0
1713	1
1714	0
1715	1
1716	1
1717	1
1718	1
1719	0
1720	0
1721	1
1722	1
1723	0
1724	1
1725	1
1726	1
1727	1
1728	1
1729	0
1730	1
1731	1
1732	1
1733	1
1734	0
1735	1
1736	1
1737	1
1738	1
1739	1
1740	1
1741	1
1742	1
1743	0
1744	0
1745	1
1746	1
1747	0
1748	1
1749	0
1750	1
1751	0
1752	0
1753	1
1754	0
1755	0
1756	1
1757	1
1758	1
1759	1
1760	1
1761	1
1762	1
1763	0
1764	1
1765	1
1766	0
1767	0
1768	0
1769	1
1770	1
1771	0
1772	1
1773	1
1774	1
1775	0
1776	1
1777	1
1778	1
1779	0
1780	1
1781	0
1782	0
1783	1
1784	0
1785	1
1786	0
1787	1
1788	1
1789	1
1790	1
1791	1
1792	1
1793	1
1794	1
1795	0
1796	1
1797	0
1798	1
1799	0
1800	0
1801	0
1802	0
1803	1
1804	1
1805	1
1806	1
1807	1
1808	0
1809	0
1810	1
1811	1
1812	1
1813	1
1814	0
1815	1
1816	1
1817	1
1818	0
1819	1
1820	1
1821	1
1822	0
1823	0
1824	0
1825	1
1826	0
1827	1
1828	1
1829	0
1830	0
1831	0
1832	0
1833	1
1834	0
1835	1
1836	1
1837	1
1838	1
1839	1
1840	1
1841	1
1842	0
1843	0
1844	1
1845	1
1846	1
1847	1
1848	1
1849	1
1850	1
1851	1
1852	1
1853	0
1854	0
1855	1
1856	1
1857	1
1858	1
1859	1
1860	0
1861	1
1862	1
1863	1
1864	1
1865	0
1866	0
1867	0
1868	1
1869	0
1870	0
1871	0
1872	0
1873	0
1874	0
1875	1
1876	1
1877	1
1878	1
1879	1
1880	1
1881	1
1882	1
1883	1
1884	1
1885	0
1886	0
1887	0
1888	1
1889	1
1890	0
1891	0
1892	1
1893	0
1894	0
1895	0
1896	1
1897	0
1898	1
1899	1
1900	0
1901	1
1902	1
1903	0
1904	1
1905	1
1906	1
1907	1
1908	0
1909	1
1910	0
1911	1
1912	1
1913	1
1914	1
1915	1
1916	1
1917	0
1918	1
1919	0
1920	1
1921	1
1922	1
1923	0
1924	1
1925	1
1926	1
1927	0
1928	0
1929	0
1930	1
1931	0
1932	0
1933	1
1934	0
1935	0
1936	1
1937	0
1938	1
1939	0
1940	1
1941	1
1942	1
1943	1
1944	1
1945	1
1946	0
1947	0
1948	1
1949	0
1950	1
1951	1
1952	1
1953	1
1954	1
1955	1
1956	1
1957	0
1958	0
1959	1
1960	1
1961	0
1962	0
1963	1
1964	1
1965	1
1966	1
1967	1
1968	1
1969	0
1970	0
1971	0
1972	1
1973	1
1974	0
1975	1
1976	1
1977	1
1978	0
1979	1
1980	0
1981	1
1982	0
1983	1
1984	0
1985	0
1986	1
1987	1
1988	0
1989	1
1990	1
1991	1
1992	1
1993	1
1994	1
1995	0
1996	0
1997	0
1998	1
1999	0
2000	0
2001	0
2002	0
2003	0
2004	1
2005	0
2006	1
2007	0
2008	1
2009	1
2010	1
2011	0
2012	0
2013	0
2014	1
2015	1
2016	1
2017	1
2018	0
2019	0
2020	1
2021	0
2022	1
2023	1
2024	1
2025	0
2026	0
2027	1
2028	0
2029	1
2030	1
2031	1
2032	1
2033	1
2034	0
2035	1
2036	1
2037	1
2038	1
2039	1
2040	1
2041	1
2042	0
2043	1
2044	0
2045	1
2046	1
2047	1
2048	0
2049	0
2050	1
2051	0
2052	1
2053	0
2054	1
2055	1
2056	1
2057	1
2058	0
2059	0
2060	0
2061	0
2062	1
2063	1
2064	0
2065	1
2066	0
2067	1
2068	1
2069	1
2070	1
2071	0
2072	1
2073	1
2074	1
2075	1
2076	0
2077	0
2078	1
2079	1
2080	1
2081	0
2082	0
2083	0
2084	0
2085	1
2086	0
2087	1
2088	0
2089	0
2090	1
2091	1
2092	1
2093	1
2094	0
2095	1
2096	0
2097	1
2098	1
2099	0
2100	0
2101	1
2102	1
2103	1
2104	1
2105	1
2106	1
2107	0
2108	0
2109	0
2110	0
2111	1
2112	1
2113	1
2114	0
2115	1
2116	1
2117	1
2118	1
2119	0
2120	1
2121	1
2122	0
2123	0
2124	1
2125	1
2126	0
2127	1
2128	0
2129	1
2130	1
2131	1
2132	0
2133	1
2134	1
2135	1
2136	1
2137	1
2138	1
2139	0
2140	0
2141	1
2142	0
2143	0
2144	1
2145	1
2146	1
2147	0
2148	1
2149	1
2150	0
2151	1
2152	1
2153	1
2154	0
2155	0
2156	1
2157	1
2158	0
2159	0
2160	1
2161	1
2162	1
2163	1
2164	1
2165	1
2166	1
2167	1
2168	1
2169	1
2170	0
2171	1
2172	0
2173	1
2174	1
2175	1
2176	1
2177	0
2178	0
2179	0
2180	1
2181	1
2182	0
2183	1
2184	1
2185	0
2186	1
2187	1
2188	1
2189	1
2190	1
2191	1
2192	0
2193	1
2194	1
2195	1
2196	0
2197	1
2198	1
2199	1
2200	0
2201	0
2202	1
2203	0
2204	1
2205	1
2206	1
2207	0
2208	1
2209	0
2210	1
2211	1
2212	1
2213	0
2214	0
2215	0
2216	1
2217	1
2218	1
2219	1
2220	1
2221	0
2222	0
2223	1
2224	1
2225	0
2226	1
2227	1
2228	0
2229	0
2230	0
2231	0
2232	1
2233	1
2234	0
2235	0
2236	0
2237	1
2238	1
2239	1
2240	0
2241	0
2242	0
2243	0
2244	1
2245	1
2246	1
2247	1
2248	1
2249	1
2250	0
2251	1
2252	1
2253	1
2254	0
2255	1
2256	1
2257	1
2258	0
2259	0
2260	0
2261	0
2262	1
2263	0
2264	0
2265	0
2266	0
2267	0
2268	0
2269	0
2270	1
2271	1
2272	1
2273	1
2274	1
2275	1
2276	0
2277	1
2278	1
2279	1
2280	1
2281	1
2282	1
2283	0
2284	1
2285	1
2286	1
2287	1
2288	1
2289	1
2290	0
2291	0
2292	0
2293	1
2294	0
2295	0
2296	0
2297	1
2298	1
2299	0
2300	1
2301	0
2302	1
2303	0
2304	1
2305	1
2306	1
2307	0
2308	1
2309	0
2310	0
2311	0
2312	1
2313	0
2314	1
2315	1
2316	0
2317	0
2318	0
2319	1
2320	1
2321	1
2322	1
2323	1
2324	1
2325	1
2326	1
2327	0
2328	0
2329	1
2330	0
2331	1
2332	1
2333	1
2334	0
2335	1
2336	0
2337	1
2338	0
2339	0
2340	1
2341	0
2342	0
2343	0
2344	0
2345	1
2346	1
2347	0
2348	1
2349	1
2350	1
2351	1
2352	1
2353	1
2354	0
2355	1
2356	1
2357	1
2358	1
2359	1
2360	0
2361	1
2362	1
2363	1
2364	0
2365	0
2366	1
2367	1
2368	0
2369	0
2370	1
2371	0
2372	1
2373	1
2374	1
2375	1
2376	1
2377	0
2378	1
2379	0
2380	1
2381	1
2382	1
2383	0
2384	1
2385	0
2386	1
2387	0
2388	1
2389	1
2390	1
2391	1
2392	1
2393	0
2394	1
2395	0
2396	0
2397	0
2398	1
2399	1
2400	1
2401	1
2402	1
2403	1
2404	1
2405	1
2406	0
2407	1
2408	0
2409	1
2410	0
2411	1
2412	1
2413	0
2414	0
2415	1
2416	1
2417	1
2418	1
2419	1
2420	1
2421	0
2422	1
2423	1
2424	1
2425	1
2426	1
2427	0
2428	1
2429	1
2430	1
2431	1
2432	0
2433	0
2434	1
2435	1
2436	1
2437	1
2438	0
2439	1
2440	1
2441	1
2442	1
2443	1
2444	1
2445	1
2446	1
2447	1
2448	0
2449	0
2450	0
2451	1
2452	0
2453	1
2454	0
2455	1
2456	1
2457	0
2458	0
2459	1
2460	0
2461	1
2462	1
2463	0
2464	1
2465	0
2466	1
2467	1
2468	0
2469	1
2470	1
2471	0
2472	1
2473	0
2474	1
2475	0
2476	1
2477	1
2478	1
2479	1
2480	0
2481	1
2482	1
2483	1
2484	1
2485	1
2486	0
2487	1
2488	1
2489	0
2490	0
2491	0
2492	1
2493	1
2494	1
2495	0
2496	1
2497	0
2498	1
2499	0
2500	1
2501	1
2502	1
2503	0
2504	1
2505	1
2506	0
2507	1
2508	0
2509	1
2510	0
2511	1
2512	1
2513	1
2514	0
2515	1
2516	1
2517	1
2518	0
2519	1
2520	0
2521	1
2522	1
2523	0
2524	1
2525	1
2526	0
2527	0
2528	0
2529	0
2530	0
2531	1
2532	0
2533	0
2534	1
2535	1
2536	0
2537	1
2538	1
2539	0
2540	1
2541	0
2542	1
2543	1
2544	1
2545	0
2546	1
2547	1
2548	1
2549	0
2550	1
2551	1
2552	1
2553	1
2554	1
2555	1
2556	1
2557	0
2558	1
2559	0
2560	1
2561	1
2562	1
2563	1
2564	1
2565	1
2566	1
2567	1
2568	0
2569	0
2570	0
2571	1
2572	0
2573	1
2574	1
2575	1
2576	0
2577	1
2578	1
2579	1
2580	0
2581	0
2582	0
2583	0
2584	1
2585	1
2586	1
2587	1
2588	0
2589	1
2590	1
2591	0
2592	0
2593	1
2594	1
2595	0
2596	1
2597	1
2598	1
2599	0
2600	1
2601	0
2602	0
2603	1
2604	0
2605	0
2606	0
2607	1
2608	0
2609	1
2610	0
2611	1
2612	1
2613	1
2614	1
2615	1
2616	1
2617	1
2618	0
2619	1
2620	1
2621	0
2622	1
2623	1
2624	1
2625	1
2626	1
2627	0
2628	1
2629	1
2630	0
2631	1
2632	1
2633	1
2634	0
2635	0
2636	1
2637	0
2638	1
2639	1
2640	1
2641	1
2642	1
2643	0
2644	1
2645	0
2646	1
2647	1
2648	0
2649	0
2650	1
2651	0
2652	1
2653	0
2654	0
2655	1
2656	1
2657	1
2658	1
2659	1
2660	0
2661	0
2662	0
2663	1
2664	1
2665	0
2666	1
2667	0
2668	0
2669	1
2670	1
2671	1
2672	0
2673	1
2674	0
2675	0
2676	1
2677	0
2678	1
2679	1
2680	1
2681	0
2682	0
2683	1
2684	1
2685	1
2686	1
2687	1
2688	1
2689	1
2690	1
2691	1
2692	1
2693	1
2694	1
2695	1
2696	0
2697	0
2698	1
2699	1
2700	1
2701	0
2702	1
2703	1
2704	1
2705	0
2706	0
2707	0
2708	1
2709	1
2710	1
2711	1
2712	1
2713	0
2714	0
2715	1
2716	0
2717	1
2718	0
2719	1
2720	0
2721	1
2722	0
2723	0
2724	0
2725	0
2726	1
2727	0
2728	1
2729	0
2730	1
2731	0
2732	0
2733	0
2734	1
2735	0
2736	0
2737	1
2738	1
2739	0
2740	0
2741	1
2742	1
2743	0
2744	1
2745	1
2746	1
2747	1
2748	1
2749	0
2750	0
2751	1
2752	1
2753	1
2754	0
2755	1
2756	1
2757	1
2758	1
2759	1
2760	0
2761	1
2762	1
2763	1
2764	1
2765	0
2766	1
2767	1
2768	1
2769	1
2770	1
2771	0
2772	1
2773	1
2774	1
2775	1
2776	1
2777	0
2778	1
2779	1
2780	0
2781	1
2782	0
2783	1
2784	0
2785	0
2786	0
2787	0
2788	0
2789	1
2790	0
2791	1
2792	0
2793	0
2794	1
2795	0
2796	1
2797	0
2798	0
2799	1
2800	1
2801	1
2802	1
2803	0
2804	1
2805	1
2806	0
2807	1
2808	0
2809	0
2810	1
2811	1
2812	0
2813	0
2814	1
2815	1
2816	0
2817	1
2818	1
2819	0
2820	1
2821	0
2822	0
2823	0
2824	0
2825	0
2826	1
2827	1
2828	1
2829	1
2830	1
2831	0
2832	0
2833	0
2834	0
2835	0
2836	1
2837	1
2838	1
2839	1
2840	0
2841	1
2842	1
2843	1
2844	1
2845	1
2846	1
2847	1
2848	1
2849	1
2850	0
2851	0
2852	1
2853	0
2854	1
2855	0
2856	0
2857	1
2858	1
2859	1
2860	0
2861	1
2862	0
2863	1
2864	0
2865	1
2866	1
2867	0
2868	0
2869	0
2870	1
2871	1
2872	1
2873	1
2874	1
2875	0
2876	1
2877	1
2878	1
2879	0
2880	1
2881	1
2882	1
2883	0
2884	1
2885	0
2886	0
2887	0
2888	1
2889	1
2890	0
2891	0
2892	1
2893	0
2894	1
2895	0
2896	0
2897	0
2898	1
2899	0
2900	1
2901	0
2902	1
2903	1
2904	0
2905	1
2906	0
2907	1
2908	0
2909	0
2910	1
2911	1
2912	1
2913	0
2914	0
2915	0
2916	0
2917	1
2918	0
2919	0
2920	0
2921	1
2922	1
2923	0
2924	1
2925	1
2926	1
2927	1
2928	0
2929	0
2930	0
2931	1
2932	0
2933	0
2934	0
2935	1
2936	1
2937	0
2938	1
2939	0
2940	0
2941	1
2942	0
2943	0
2944	1
2945	1
2946	0
2947	0
2948	0
2949	1
2950	1
2951	0
2952	1
2953	1
2954	0
2955	1
2956	1
2957	1
2958	1
2959	0
2960	0
2961	1
2962	1
2963	1
2964	0
2965	1
2966	0
2967	0
2968	0
2969	1
2970	1
2971	1
2972	1
2973	0
2974	0
2975	0
2976	1
2977	0
2978	1
2979	0
2980	1
2981	1
2982	1
2983	0
2984	1
2985	0
2986	0
2987	1
2988	1
2989	1
2990	1
2991	1
2992	0
2993	1
2994	1
2995	0
2996	0
2997	0
2998	1
2999	1
3000	1
3001	0
3002	1
3003	1
3004	1
3005	1
3006	1
3007	1
3008	1
3009	1
3010	1
3011	1
3012	0
3013	1
3014	0
3015	1
3016	0
3017	1
3018	0
3019	1
3020	1
3021	0
3022	0
3023	1
3024	1
3025	0
3026	0
3027	1
3028	0
3029	1
3030	0
3031	0
3032	0
3033	1
3034	0
3035	1
3036	0
3037	1
3038	1
3039	1
3040	1
3041	1
3042	0
3043	0
3044	1
3045	1
3046	0
3047	0
3048	0
3049	0
3050	1
3051	1
3052	1
3053	0
3054	0
3055	0
3056	1
3057	0
3058	0
3059	0
3060	0
3061	1
3062	0
3063	0
3064	0
3065	0
3066	0
3067	1
3068	1
3069	1
3070	1
3071	0
3072	1
3073	1
3074	0
3075	1
3076	1
3077	1
3078	1
3079	1
3080	1
3081	1
3082	0
3083	1
3084	1
3085	1
3086	1
3087	1
3088	1
3089	1
3090	1
3091	0
3092	1
3093	1
3094	0
3095	1
3096	0
3097	0
3098	1
3099	1
3100	0
3101	0
3102	1
3103	0
3104	1
3105	1
3106	1
3107	1
3108	1
3109	0
3110	0
3111	1
3112	1
3113	1
3114	0
3115	0
3116	1
3117	0
3118	1
3119	1
3120	1
3121	0
3122	0
3123	1
3124	0
3125	1
3126	1
3127	1
3128	1
3129	1
3130	0
3131	1
3132	0
3133	1
3134	0
3135	1
3136	0
3137	1
3138	1
3139	1
3140	0
3141	1
3142	0
3143	1
3144	1
3145	1
3146	0
3147	1
3148	0
3149	1
3150	1
3151	1
3152	0
3153	1
3154	1
3155	1
3156	0
3157	1
3158	0
3159	1
3160	0
3161	1
3162	1
3163	1
3164	1
3165	1
3166	0
3167	1
3168	0
3169	1
3170	1
3171	1
3172	1
3173	1
3174	1
3175	1
3176	0
3177	0
3178	1
3179	1
3180	1
3181	1
3182	0
3183	1
3184	1
3185	1
3186	1
3187	1
3188	1
3189	1
3190	0
3191	1
3192	0
3193	1
3194	1
3195	1
3196	1
3197	1
3198	0
3199	0
3200	0
3201	0
3202	1
3203	1
3204	1
3205	1
3206	1
3207	0
3208	1
3209	1
3210	1
3211	1
3212	1
3213	1
3214	1
3215	1
3216	1
3217	1
3218	1
3219	0
3220	1
3221	1
3222	1
3223	0
3224	1
3225	1
3226	1
3227	1
3228	1
3229	0
3230	1
3231	0
3232	1
3233	1
3234	0
3235	1
3236	0
3237	0
3238	0
3239	1
3240	0
3241	0
3242	1
3243	0
3244	0
3245	1
3246	1
3247	1
3248	0
3249	1
3250	1
3251	1
3252	1
3253	0
3254	0
3255	0
3256	0
3257	0
3258	0
3259	1
3260	1
3261	0
3262	1
3263	1
3264	0
3265	1
3266	1
3267	1
3268	1
3269	1
3270	1
3271	0
3272	1
3273	1
3274	1
3275	1
3276	1
3277	1
3278	0
3279	0
3280	0
3281	1
3282	0
3283	0
3284	0
3285	1
3286	1
3287	1
3288	1
3289	0
3290	1
3291	1
3292	1
3293	1
3294	1
3295	1
3296	0
3297	0
3298	0
3299	1
3300	1
3301	0
3302	1
3303	0
3304	1
3305	0
3306	1
3307	0
3308	1
3309	1
3310	1
3311	1
3312	0
3313	0
3314	1
3315	0
3316	1
3317	1
3318	1
3319	1
3320	1
3321	1
3322	0
3323	1
3324	1
3325	1
3326	1
3327	1
3328	1
3329	0
3330	0
3331	1
3332	1
3333	1
3334	1
3335	1
3336	0
3337	0
3338	1
3339	0
3340	0
3341	1
3342	0
3343	1
3344	1
3345	0
3346	0
3347	1
3348	1
3349	0
3350	0
3351	0
3352	1
3353	0
3354	1
3355	1
3356	0
3357	1
3358	1
3359	1
3360	0
3361	1
3362	0
3363	0
3364	1
3365	1
3366	1
3367	1
3368	0
3369	1
3370	1
3371	1
3372	0
3373	1
3374	1
3375	0
3376	1
3377	1
3378	1
3379	1
3380	1
3381	1
3382	1
3383	0
3384	1
3385	1
3386	1
3387	1
3388	1
3389	1
3390	1
3391	0
3392	0
3393	1
3394	0
3395	0
3396	1
3397	1
3398	1
3399	1
3400	1
3401	1
3402	1
3403	1
3404	1
3405	0
3406	1
3407	1
3408	0
3409	1
3410	1
3411	1
3412	1
3413	1
3414	1
3415	1
3416	1
3417	1
3418	1
3419	1
3420	1
3421	1
3422	0
3423	1
3424	1
3425	0
3426	0
3427	1
3428	0
3429	1
3430	0
3431	0
3432	0
3433	1
3434	0
3435	1
3436	0
3437	1
3438	1
3439	1
3440	1
3441	1
3442	1
3443	1
3444	1
3445	0
3446	1
3447	0
3448	1
3449	0
3450	1
3451	1
3452	1
3453	0
3454	1
3455	1
3456	0
3457	0
3458	1
3459	1
3460	1
3461	0
3462	1
3463	0
3464	1
3465	0
3466	1
3467	0
3468	1
3469	1
3470	1
3471	1
3472	1
3473	1
3474	0
3475	0
3476	1
3477	1
3478	1
3479	1
3480	1
3481	1
3482	1
3483	1
3484	1
3485	1
3486	0
3487	1
3488	0
3489	0
3490	1
3491	0
3492	1
3493	1
3494	1
3495	1
3496	1
3497	1
3498	0
3499	0
3500	1
3501	0
3502	0
3503	1
3504	1
3505	1
3506	0
3507	1
3508	1
3509	0
3510	1
3511	1
3512	1
3513	1
3514	1
3515	1
3516	0
3517	1
3518	0
3519	1
3520	1
3521	0
3522	0
3523	1
3524	1
3525	1
3526	1
3527	1
3528	1
3529	0
3530	1
3531	1
3532	0
3533	1
3534	0
3535	1
3536	0
3537	1
3538	1
3539	1
3540	1
3541	1
3542	1
3543	1
3544	1
3545	1
3546	0
3547	0
3548	0
3549	1
3550	0
3551	1
3552	0
3553	0
3554	1
3555	0
3556	0
3557	0
3558	1
3559	0
3560	0
3561	0
3562	1
3563	1
3564	0
3565	1
3566	0
3567	1
3568	0
3569	1
3570	0
3571	0
3572	0
3573	0
3574	1
3575	1
3576	1
3577	1
3578	0
3579	0
3580	1
3581	1
3582	0
3583	1
3584	1
3585	1
3586	1
3587	0
3588	1
3589	0
3590	0
3591	1
3592	1
3593	1
3594	1
3595	0
3596	1
3597	0
3598	1
3599	0
3600	0
3601	1
3602	1
3603	1
3604	1
3605	1
3606	1
3607	1
3608	0
3609	0
3610	0
3611	1
3612	1
3613	1
3614	1
3615	0
3616	1
3617	0
3618	0
3619	1
3620	1
3621	0
3622	0
3623	0
3624	0
3625	1
3626	1
3627	1
3628	1
3629	1
3630	1
3631	0
3632	0
3633	0
3634	1
3635	1
3636	1
3637	0
3638	1
3639	1
3640	0
3641	1
3642	0
3643	1
3644	1
3645	1
3646	1
3647	1
3648	1
3649	1
3650	0
3651	0
3652	1
3653	1
3654	0
3655	0
3656	0
3657	1
3658	0
3659	1
3660	1
3661	0
3662	0
3663	1
3664	0
3665	1
3666	0
3667	1
3668	1
3669	1
3670	0
3671	1
3672	1
3673	0
3674	1
3675	1
3676	1
3677	1
3678	0
3679	0
3680	0
3681	1
3682	0
3683	0
3684	0
3685	1
3686	1
3687	0
3688	1
3689	1
3690	0
3691	0
3692	1
3693	1
3694	1
3695	1
3696	1
3697	1
3698	1
3699	0
3700	1
3701	0
3702	0
3703	0
3704	1
3705	1
3706	0
3707	0
3708	1
3709	0
3710	0
3711	1
3712	0
3713	0
3714	1
3715	1
3716	1
3717	0
3718	1
3719	1
3720	1
3721	1
3722	0
3723	0
3724	0
3725	1
3726	0
3727	1
3728	0
3729	0
3730	0
3731	1
3732	0
3733	1
3734	1
3735	1
3736	0
3737	1
3738	1
3739	1
3740	0
3741	1
3742	0
3743	0
3744	1
3745	0
3746	0
3747	1
3748	1
3749	0
3750	0
3751	0
3752	1
3753	1
3754	1
3755	1
3756	1
3757	1
3758	1
3759	1
3760	1
3761	1
3762	1
3763	1
3764	1
3765	0
3766	0
3767	0
3768	1
3769	1
3770	1
3771	1
3772	1
3773	1
3774	0
3775	0
3776	0
3777	1
3778	0
3779	1
3780	1
3781	0
3782	0
3783	1
3784	0
3785	0
3786	1
3787	0
3788	1
3789	1
3790	1
3791	1
3792	1
3793	1
3794	1
3795	0
3796	1
3797	1
3798	0
3799	0
3800	1
3801	0
3802	1
3803	0
3804	0
3805	0
3806	0
3807	1
3808	0
3809	1
3810	1
3811	0
3812	1
3813	0
3814	0
3815	0
3816	1
3817	1
3818	1
3819	0
3820	1
3821	1
3822	1
3823	1
3824	1
3825	1
3826	1
3827	1
3828	0
3829	1
3830	1
3831	0
3832	1
3833	1
3834	1
3835	1
3836	1
3837	1
3838	1
3839	1
3840	1
3841	0
3842	0
3843	1
3844	1
3845	1
3846	1
3847	1
3848	1
3849	1
3850	0
3851	1
3852	0
3853	0
3854	1
3855	1
3856	1
3857	1
3858	1
3859	0
3860	1
3861	0
3862	1
3863	1
3864	1
3865	1
3866	0
3867	1
3868	1
3869	0
3870	1
3871	1
3872	1
3873	1
3874	1
3875	0
3876	1
3877	0
3878	1
3879	1
3880	1
3881	1
3882	1
3883	0
3884	0
3885	1
3886	1
3887	0
3888	1
3889	1
3890	1
3891	1
3892	0
3893	1
3894	1
3895	1
3896	1
3897	1
3898	1
3899	0
3900	1
3901	1
3902	0
3903	1
3904	1
3905	1
3906	1
3907	1
3908	1
3909	0
3910	1
3911	1
3912	1
3913	1
3914	1
3915	1
3916	0
3917	1
3918	1
3919	1
3920	1
3921	1
3922	0
3923	0
3924	1
3925	1
3926	0
3927	1
3928	1
3929	1
3930	0
3931	1
3932	1
3933	1
3934	1
3935	1
3936	1
3937	1
3938	1
3939	1
3940	1
3941	1
3942	1
3943	1
3944	1
3945	1
3946	1
3947	0
3948	1
3949	1
3950	1
3951	0
3952	1
3953	1
3954	1
3955	0
3956	0
3957	1
3958	0
3959	1
3960	1
3961	1
3962	1
3963	1
3964	1
3965	1
3966	1
3967	1
3968	1
3969	1
3970	1
3971	1
3972	1
3973	1
3974	1
3975	1
3976	1
3977	1
3978	1
3979	1
3980	1
3981	1
3982	1
3983	1
3984	1
3985	1
3986	1
3987	0
3988	1
3989	1
3990	1
3991	1
3992	1
3993	1
3994	1
3995	1
3996	1
3997	1
3998	1
3999	1
4000	1
4001	1
4002	1
4003	1
4004	1
4005	1
4006	1
4007	1
4008	1
4009	1
4010	1
4011	1
4012	0
4013	1
4014	0
4015	1
4016	1
4017	1
4018	1
4019	0
4020	0
4021	1
4022	0
4023	0
4024	1
4025	1
4026	1
4027	1
4028	1
4029	1
4030	1
4031	0
4032	1
4033	0
4034	1
4035	1
4036	1
4037	1
4038	1
4039	1
4040	1
4041	1
4042	1
4043	0
4044	0
4045	1
4046	1
4047	1
4048	1
4049	1
4050	1
4051	1
4052	1
4053	1
4054	1
4055	1
4056	1
4057	1
4058	1
4059	1
4060	1
4061	0
4062	1
4063	1
4064	1
4065	1
4066	1
4067	1
4068	1
4069	1
4070	1
4071	1
4072	0
4073	0
4074	1
4075	1
4076	1
4077	1
4078	1
4079	1
4080	1
4081	1
4082	1
4083	1
4084	1
4085	0
4086	1
4087	1
4088	1
4089	1
4090	1
4091	0
4092	1
4093	0
4094	1
4095	1
4096	1
4097	1
4098	1
4099	1
4100	1
4101	1
4102	0
4103	1
4104	0
4105	1
4106	1
4107	1
4108	1
4109	1
4110	1
4111	1
4112	0
4113	1
4114	1
4115	1
4116	1
4117	1
4118	1
4119	1
4120	0
4121	1
4122	1
4123	1
4124	1
4125	1
4126	0
4127	0
4128	1
4129	1
4130	0
4131	0
4132	1
4133	1
4134	1
4135	1
4136	0
4137	1
4138	0
4139	1
4140	1
4141	1
4142	1
4143	1
4144	1
4145	1
4146	1
4147	1
4148	1
4149	1
4150	1
4151	1
4152	1
4153	1
4154	1
4155	0
4156	1
4157	0
4158	1
4159	1
4160	1
4161	0
4162	1
4163	1
4164	0
4165	0
4166	1
4167	1
4168	0
4169	1
4170	1
4171	1
4172	1
4173	1
4174	1
4175	1
4176	1
4177	1
4178	1
4179	1
4180	0
4181	1
4182	1
4183	1
4184	1
4185	1
4186	1
4187	1
4188	1
4189	0
4190	1
4191	1
4192	1
4193	1
4194	0
4195	1
4196	1
4197	1
4198	1
4199	1
4200	1
4201	1
4202	1
4203	1
4204	1
4205	1
4206	1
4207	1
4208	0
4209	1
4210	1
4211	1
4212	1
4213	1
4214	1
4215	1
4216	1
4217	1
4218	1
4219	0
4220	1
4221	1
4222	1
4223	1
4224	1
4225	1
4226	1
4227	1
4228	1
4229	1
4230	1
4231	1
4232	1
4233	1
4234	1
4235	0
4236	1
4237	1
4238	0
4239	0
4240	0
4241	1
4242	1
4243	1
4244	1
4245	1
4246	1
4247	1
4248	1
4249	1
4250	1
4251	1
4252	1
4253	1
4254	1
4255	1
4256	1
4257	1
4258	1
4259	0
4260	1
4261	1
4262	1
4263	1
4264	1
4265	1
4266	1
4267	0
4268	1
4269	1
4270	1
4271	1
4272	1
4273	1
4274	1
4275	1
4276	1
4277	1
4278	1
4279	1
4280	1
4281	1
4282	0
4283	1
4284	1
4285	1
4286	1
4287	1
4288	1
4289	1
4290	0
4291	1
4292	1
4293	1
4294	1
4295	1
4296	1
4297	1
4298	1
4299	1
4300	1
4301	0
4302	1
4303	0
4304	1
4305	1
4306	1
4307	1
4308	1
4309	1
4310	1
4311	1
4312	1
4313	1
4314	1
4315	1
4316	1
4317	1
4318	1
4319	1
4320	1
4321	1
4322	1
4323	1
4324	1
4325	1
4326	0
4327	1
4328	1
4329	1
4330	1
4331	1
4332	1
4333	1
4334	1
4335	0
4336	1
4337	1
4338	1
4339	1
4340	1
4341	1
4342	1
4343	1
4344	1
4345	1
4346	1
4347	1
4348	1
4349	1
4350	1
4351	1
4352	1
4353	1
4354	1
4355	1
4356	1
4357	1
4358	1
4359	1
4360	1
4361	1
4362	1
4363	1
4364	1
4365	1
4366	1
4367	1
4368	1
4369	1
4370	1
4371	1
4372	1
4373	1
4374	0
4375	1
4376	1
4377	1
4378	0
4379	1
4380	0
4381	1
4382	1
4383	1
4384	1
4385	1
4386	1
4387	1
4388	0
4389	1
4390	1
4391	1
4392	1
4393	1
4394	1
4395	1
4396	0
4397	0
4398	1
4399	1
4400	1
4401	1
4402	1
4403	1
4404	1
4405	1
4406	0
4407	1
4408	1
4409	1
4410	1
4411	0
4412	0
4413	1
4414	1
4415	1
4416	1
4417	1
4418	1
4419	1
4420	0
4421	1
4422	1
4423	1
4424	1
4425	0
4426	1
4427	1
4428	1
4429	1
4430	1
4431	1
4432	1
4433	1
4434	1
4435	1
4436	1
4437	1
4438	1
4439	1
4440	1
4441	1
4442	1
4443	1
4444	1
4445	1
4446	1
4447	1
4448	0
4449	1
4450	1
4451	1
4452	1
4453	1
4454	1
4455	1
4456	1
4457	1
4458	1
4459	0
4460	1
4461	1
4462	1
4463	1
4464	1
4465	1
4466	1
4467	1
4468	1
4469	1
4470	1
4471	0
4472	0
4473	1
4474	1
4475	1
4476	1
4477	1
4478	0
