0	1
1	1
2	1
3	1
4	1
5	1
6	1
7	1
8	0
9	0
10	1
11	1
12	1
13	1
14	1
15	0
16	1
17	1
18	0
19	1
20	1
21	1
22	0
23	1
24	1
25	1
26	1
27	1
28	1
29	1
30	0
31	0
32	1
33	1
34	1
35	0
36	1
37	1
38	1
39	1
40	1
41	1
42	0
43	0
44	0
45	0
46	1
47	1
48	1
49	1
50	0
51	0
52	0
53	0
54	1
55	1
56	1
57	0
58	0
59	0
60	1
61	0
62	0
63	1
64	0
65	1
66	1
67	1
68	1
69	1
70	0
71	1
72	0
73	1
74	1
75	1
76	1
77	0
78	1
79	0
80	1
81	1
82	1
83	1
84	1
85	0
86	1
87	0
88	1
89	1
90	0
91	0
92	0
93	1
94	1
95	1
96	1
97	1
98	1
99	0
100	1
101	1
102	0
103	1
104	1
105	0
106	1
107	1
108	1
109	1
110	1
111	0
112	1
113	1
114	0
115	1
116	0
117	1
118	0
119	1
120	0
121	0
122	0
123	0
124	1
125	1
126	1
127	1
128	0
129	1
130	0
131	0
132	1
133	0
134	1
135	1
136	0
137	0
138	1
139	1
140	1
141	0
142	1
143	1
144	1
145	0
146	1
147	1
148	1
149	1
150	1
151	1
152	1
153	0
154	1
155	0
156	1
157	1
158	1
159	1
160	1
161	1
162	1
163	0
164	0
165	1
166	0
167	1
168	1
169	0
170	0
171	1
172	1
173	1
174	0
175	1
176	0
177	1
178	0
179	1
180	0
181	1
182	0
183	1
184	1
185	1
186	1
187	1
188	1
189	0
190	1
191	0
192	1
193	1
194	1
195	0
196	1
197	0
198	0
199	1
200	1
201	1
202	0
203	1
204	1
205	1
206	1
207	0
208	0
209	0
210	1
211	1
212	0
213	1
214	1
215	1
216	1
217	1
218	1
219	0
220	1
221	1
222	1
223	1
224	1
225	1
226	1
227	1
228	0
229	0
230	1
231	0
232	0
233	1
234	0
235	1
236	1
237	0
238	1
239	0
240	0
241	1
242	1
243	1
244	1
245	0
246	0
247	0
248	1
249	1
250	0
251	0
252	0
253	0
254	1
255	1
256	1
257	1
258	1
259	1
260	0
261	0
262	1
263	1
264	0
265	0
266	1
267	1
268	0
269	0
270	1
271	1
272	1
273	1
274	1
275	0
276	1
277	1
278	1
279	1
280	0
281	1
282	1
283	0
284	1
285	0
286	0
287	0
288	1
289	1
290	0
291	1
292	1
293	0
294	0
295	0
296	1
297	1
298	1
299	0
300	1
301	0
302	1
303	0
304	0
305	0
306	0
307	0
308	1
309	0
310	1
311	1
312	0
313	0
314	1
315	0
316	0
317	1
318	1
319	1
320	0
321	0
322	1
323	1
324	0
325	0
326	1
327	1
328	0
329	1
330	1
331	1
332	0
333	0
334	1
335	0
336	1
337	0
338	0
339	1
340	1
341	1
342	1
343	1
344	1
345	1
346	1
347	0
348	1
349	1
350	1
351	1
352	1
353	0
354	0
355	0
356	1
357	0
358	1
359	1
360	0
361	0
362	1
363	1
364	1
365	0
366	0
367	1
368	0
369	1
370	1
371	1
372	1
373	0
374	0
375	0
376	1
377	1
378	0
379	0
380	0
381	1
382	1
383	1
384	1
385	0
386	0
387	1
388	1
389	0
390	0
391	1
392	0
393	1
394	0
395	1
396	0
397	1
398	0
399	1
400	0
401	0
402	0
403	1
404	1
405	0
406	1
407	1
408	0
409	1
410	0
411	1
412	0
413	0
414	1
415	0
416	0
417	0
418	1
419	0
420	0
421	0
422	1
423	0
424	0
425	1
426	0
427	0
428	1
429	1
430	0
431	1
432	0
433	1
434	0
435	1
436	1
437	1
438	0
439	1
440	1
441	1
442	1
443	1
444	1
445	0
446	0
447	1
448	0
449	0
450	0
451	1
452	0
453	1
454	0
455	0
456	0
457	0
458	1
459	0
460	1
461	1
462	0
463	0
464	1
465	1
466	1
467	0
468	1
469	1
470	0
471	1
472	0
473	0
474	1
475	1
476	0
477	1
478	1
479	0
480	0
481	0
482	0
483	1
484	1
485	1
486	1
487	1
488	1
489	0
490	1
491	0
492	1
493	1
494	1
495	0
496	0
497	1
498	1
499	0
500	1
501	0
502	1
503	1
504	1
505	0
506	0
507	1
508	0
509	1
510	1
511	1
512	1
513	1
514	1
515	1
516	1
517	0
518	1
519	0
520	1
521	0
522	1
523	1
524	1
525	0
526	1
527	0
528	0
529	1
530	1
531	1
532	1
533	1
534	0
535	1
536	1
537	1
538	0
539	0
540	1
541	0
542	1
543	0
544	1
545	1
546	0
547	0
548	1
549	0
550	1
551	1
552	0
553	1
554	1
555	1
556	1
557	1
558	0
559	0
560	0
561	0
562	1
563	1
564	0
565	1
566	1
567	1
568	1
569	1
570	1
571	0
572	0
573	0
574	0
575	1
576	1
577	0
578	1
579	1
580	1
581	1
582	1
583	1
584	1
585	0
586	1
587	1
588	1
589	1
590	0
591	1
592	0
593	0
594	1
595	1
596	0
597	1
598	1
599	1
600	1
601	0
602	0
603	1
604	0
605	0
606	0
607	1
608	1
609	1
610	1
611	1
612	1
613	0
614	1
615	0
616	0
617	1
618	0
619	1
620	1
621	0
622	1
623	1
624	0
625	0
626	1
627	1
628	0
629	1
630	1
631	1
632	0
633	1
634	1
635	1
636	1
637	1
638	0
639	1
640	0
641	0
642	0
643	1
644	1
645	0
646	1
647	0
648	1
649	0
650	1
651	0
652	1
653	0
654	0
655	0
656	1
657	0
658	1
659	0
660	0
661	1
662	1
663	1
664	0
665	0
666	1
667	0
668	1
669	0
670	1
671	0
672	0
673	1
674	1
675	1
676	0
677	0
678	1
679	0
680	1
681	1
682	0
683	0
684	0
685	1
686	1
687	1
688	1
689	0
690	1
691	1
692	1
693	1
694	1
695	1
696	0
697	1
698	1
699	1
700	1
701	1
702	0
703	1
704	1
705	0
706	1
707	1
708	1
709	1
710	1
711	1
712	1
713	1
714	0
715	1
716	1
717	0
718	1
719	1
720	1
721	1
722	1
723	0
724	1
725	0
726	0
727	0
728	1
729	0
730	0
731	0
732	1
733	0
734	1
735	0
736	1
737	0
738	1
739	0
740	1
741	0
742	0
743	1
744	1
745	0
746	1
747	0
748	0
749	1
750	1
751	1
752	1
753	0
754	1
755	1
756	1
757	1
758	1
759	0
760	1
761	0
762	1
763	1
764	1
765	0
766	1
767	1
768	1
769	0
770	1
771	0
772	0
773	0
774	1
775	1
776	0
777	0
778	1
779	1
780	0
781	1
782	1
783	0
784	1
785	0
786	0
787	1
788	0
789	1
790	1
791	1
792	1
793	0
794	0
795	0
796	0
797	1
798	1
799	1
800	1
801	0
802	1
803	1
804	0
805	0
806	1
807	0
808	1
809	1
810	0
811	1
812	0
813	0
814	0
815	0
816	0
817	0
818	1
819	0
820	1
821	1
822	1
823	1
824	0
825	1
826	1
827	0
828	1
829	1
830	1
831	0
832	0
833	1
834	1
835	1
836	1
837	0
838	1
839	1
840	0
841	1
842	1
843	1
844	1
845	1
846	1
847	1
848	1
849	1
850	1
851	0
852	0
853	0
854	1
855	0
856	1
857	0
858	1
859	0
860	1
861	1
862	1
863	1
864	1
865	1
866	0
867	1
868	0
869	0
870	1
871	0
872	1
873	1
874	1
875	0
876	1
877	0
878	0
879	0
880	1
881	0
882	1
883	0
884	1
885	0
886	1
887	1
888	1
889	1
890	1
891	1
892	0
893	0
894	1
895	1
896	0
897	0
898	1
899	1
900	1
901	0
902	1
903	1
904	0
905	0
906	0
907	0
908	0
909	1
910	0
911	0
912	1
913	0
914	0
915	0
916	0
917	0
918	1
919	1
920	1
921	1
922	0
923	1
924	1
925	1
926	0
927	1
928	1
929	1
930	1
931	0
932	0
933	1
934	1
935	1
936	0
937	0
938	1
939	1
940	0
941	1
942	0
943	1
944	1
945	0
946	1
947	1
948	0
949	1
950	1
951	1
952	1
953	0
954	1
955	0
956	0
957	1
958	1
959	1
960	1
961	0
962	0
963	0
964	1
965	1
966	1
967	1
968	0
969	1
970	1
971	0
972	0
973	1
974	1
975	1
976	0
977	1
978	0
979	0
980	1
981	1
982	1
983	0
984	1
985	1
986	1
987	1
988	1
989	1
990	0
991	0
992	1
993	1
994	1
995	1
996	1
997	1
998	1
999	0
1000	0
1001	1
1002	0
1003	0
1004	0
1005	1
1006	0
1007	1
1008	0
1009	1
1010	1
1011	0
1012	1
1013	1
1014	1
1015	0
1016	1
1017	1
1018	1
1019	0
1020	1
1021	1
1022	0
1023	0
1024	1
1025	1
1026	1
1027	0
1028	1
1029	1
1030	1
1031	1
1032	0
1033	1
1034	1
1035	0
1036	1
1037	0
1038	1
1039	0
1040	1
1041	1
1042	1
1043	1
1044	1
1045	0
1046	0
1047	0
1048	1
1049	1
1050	0
1051	1
1052	0
1053	0
1054	0
1055	1
1056	1
1057	1
1058	1
1059	1
1060	1
1061	0
1062	1
1063	0
1064	1
1065	0
1066	1
1067	0
1068	1
1069	1
1070	1
1071	1
1072	0
1073	1
1074	0
1075	0
1076	1
1077	0
1078	0
1079	0
1080	1
1081	1
1082	0
1083	1
1084	1
1085	1
1086	1
1087	1
1088	0
1089	1
1090	1
1091	0
1092	1
1093	1
1094	1
1095	1
1096	1
1097	0
1098	1
1099	1
1100	1
1101	0
1102	0
1103	1
1104	1
1105	1
1106	0
1107	0
1108	0
1109	1
1110	0
1111	0
1112	1
1113	0
1114	1
1115	0
1116	0
1117	1
1118	1
1119	1
1120	1
1121	1
1122	0
1123	1
1124	0
1125	0
1126	1
1127	1
1128	1
1129	1
1130	1
1131	0
1132	0
1133	1
1134	0
1135	0
1136	0
1137	0
1138	1
1139	0
1140	1
1141	0
1142	1
1143	1
1144	1
1145	1
1146	1
1147	0
1148	0
1149	1
1150	0
1151	0
1152	0
1153	0
1154	1
1155	1
1156	0
1157	1
1158	0
1159	0
1160	1
1161	0
1162	0
1163	0
1164	0
1165	1
1166	0
1167	1
1168	1
1169	1
1170	0
1171	0
1172	1
1173	1
1174	0
1175	0
1176	0
1177	1
1178	0
1179	1
1180	1
1181	1
1182	0
1183	1
1184	1
1185	1
1186	0
1187	0
1188	1
1189	1
1190	0
1191	0
1192	1
1193	0
1194	1
1195	0
1196	0
1197	1
1198	0
1199	0
1200	0
1201	0
1202	0
1203	0
1204	1
1205	1
1206	1
1207	1
1208	0
1209	1
1210	0
1211	0
1212	0
1213	0
1214	1
1215	1
1216	1
1217	1
1218	0
1219	0
1220	1
1221	0
1222	0
1223	1
1224	1
1225	1
1226	0
1227	0
1228	0
1229	1
1230	1
1231	0
1232	1
1233	1
1234	0
1235	1
1236	1
1237	0
1238	1
1239	1
1240	1
1241	1
1242	0
1243	0
1244	0
1245	0
1246	0
1247	0
1248	1
1249	0
1250	0
1251	1
1252	0
1253	1
1254	0
1255	1
1256	1
1257	0
1258	0
1259	1
1260	1
1261	1
1262	0
1263	1
1264	1
1265	1
1266	0
1267	1
1268	1
1269	0
1270	1
1271	0
1272	0
1273	0
1274	1
1275	0
1276	1
1277	1
1278	1
1279	1
1280	1
1281	0
1282	1
1283	1
1284	0
1285	0
1286	1
1287	1
1288	0
1289	1
1290	0
1291	0
1292	1
1293	1
1294	0
1295	1
1296	0
1297	0
1298	1
1299	1
1300	1
1301	0
1302	0
1303	1
1304	0
1305	0
1306	0
1307	1
1308	1
1309	0
1310	1
1311	1
1312	1
1313	1
1314	1
1315	1
1316	0
1317	1
1318	0
1319	0
1320	1
1321	1
1322	1
1323	0
1324	1
1325	1
1326	1
1327	1
1328	1
1329	1
1330	0
1331	1
1332	1
1333	0
1334	1
1335	1
1336	1
1337	0
1338	1
1339	0
1340	0
1341	0
1342	1
1343	0
1344	0
1345	0
1346	1
1347	0
1348	0
1349	1
1350	1
1351	1
1352	1
1353	1
1354	0
1355	1
1356	1
1357	1
1358	1
1359	1
1360	1
1361	0
1362	0
1363	1
1364	1
1365	1
1366	0
1367	1
1368	1
1369	0
1370	0
1371	0
1372	1
1373	0
1374	1
1375	1
1376	1
1377	1
1378	0
1379	0
1380	1
1381	1
1382	1
1383	0
1384	1
1385	0
1386	1
1387	0
1388	1
1389	1
1390	0
1391	1
1392	1
1393	1
1394	1
1395	0
1396	0
1397	1
1398	1
1399	1
1400	0
1401	0
1402	1
1403	0
1404	1
1405	1
1406	0
1407	1
1408	1
1409	1
1410	1
1411	1
1412	1
1413	0
1414	1
1415	1
1416	0
1417	1
1418	0
1419	1
1420	1
1421	1
1422	0
1423	1
1424	1
1425	0
1426	1
1427	1
1428	1
1429	0
1430	0
1431	0
1432	0
1433	1
1434	1
1435	1
1436	1
1437	0
1438	0
1439	1
1440	1
1441	0
1442	0
1443	1
1444	1
1445	0
1446	1
1447	1
1448	0
1449	1
1450	1
1451	0
1452	1
1453	1
1454	0
1455	1
1456	1
1457	1
1458	1
1459	1
1460	1
1461	1
1462	1
1463	1
1464	1
1465	1
1466	0
1467	0
1468	0
1469	1
1470	1
1471	1
1472	1
1473	0
1474	1
1475	1
1476	1
1477	1
1478	0
1479	1
1480	1
1481	0
1482	0
1483	1
1484	0
1485	0
1486	1
1487	1
1488	0
1489	0
1490	1
1491	0
1492	1
1493	1
1494	0
1495	1
1496	0
1497	1
1498	0
1499	1
1500	1
1501	0
1502	0
1503	0
1504	0
1505	1
1506	1
1507	0
1508	1
1509	1
1510	0
1511	1
1512	1
1513	0
1514	0
1515	1
1516	1
1517	0
1518	1
1519	0
1520	0
1521	1
1522	1
1523	0
1524	0
1525	1
1526	0
1527	0
1528	1
1529	1
1530	1
1531	1
1532	1
1533	0
1534	1
1535	1
1536	0
1537	1
1538	0
1539	0
1540	1
1541	0
1542	1
1543	1
1544	1
1545	1
1546	1
1547	0
1548	1
1549	0
1550	1
1551	1
1552	1
1553	0
1554	0
1555	1
1556	1
1557	0
1558	0
1559	1
1560	0
1561	1
1562	0
1563	1
1564	1
1565	1
1566	1
1567	1
1568	1
1569	1
1570	0
1571	1
1572	1
1573	1
1574	1
1575	0
1576	1
1577	0
1578	1
1579	1
1580	0
1581	0
1582	0
1583	1
1584	1
1585	0
1586	1
1587	0
1588	1
1589	1
1590	1
1591	1
1592	0
1593	1
1594	1
1595	1
1596	0
1597	1
1598	1
1599	0
1600	1
1601	1
1602	1
1603	0
1604	0
1605	0
1606	0
1607	0
1608	1
1609	1
1610	0
1611	0
1612	1
1613	0
1614	1
1615	1
1616	1
1617	0
1618	0
1619	1
1620	0
1621	1
1622	0
1623	0
1624	1
1625	0
1626	0
1627	1
1628	1
1629	1
1630	0
1631	1
1632	0
1633	1
1634	1
1635	1
1636	0
1637	1
1638	1
1639	1
1640	1
1641	1
1642	1
1643	1
1644	1
1645	1
1646	1
1647	1
1648	1
1649	1
1650	1
1651	1
1652	1
1653	1
1654	1
1655	1
1656	1
1657	1
1658	1
1659	1
1660	1
1661	1
1662	1
1663	1
1664	1
1665	1
1666	1
1667	1
1668	1
1669	1
1670	1
1671	0
1672	0
1673	1
1674	0
1675	0
1676	1
1677	0
1678	0
1679	0
1680	1
1681	1
1682	0
1683	0
1684	0
1685	1
1686	1
1687	0
1688	1
1689	1
1690	0
1691	0
1692	1
1693	0
1694	0
1695	1
1696	0
1697	0
1698	1
1699	0
1700	1
1701	1
1702	1
1703	1
1704	1
1705	1
1706	1
1707	1
1708	1
1709	0
1710	0
1711	1
1712	1
1713	1
1714	1
1715	1
1716	1
1717	0
1718	1
1719	1
1720	1
1721	1
1722	1
1723	1
1724	1
1725	0
1726	0
1727	1
1728	0
1729	1
1730	0
1731	0
1732	1
1733	1
1734	0
1735	1
1736	1
1737	1
1738	1
1739	0
1740	0
1741	1
1742	1
1743	0
1744	0
1745	0
1746	1
1747	0
1748	0
1749	0
1750	1
1751	1
1752	1
1753	1
1754	1
1755	1
1756	0
1757	1
1758	1
1759	0
1760	1
1761	0
1762	0
1763	1
1764	1
1765	0
1766	1
1767	1
1768	0
1769	1
1770	0
1771	0
1772	1
1773	0
1774	1
1775	0
1776	1
1777	0
1778	1
1779	1
1780	0
1781	1
1782	0
1783	1
1784	0
1785	0
1786	1
1787	0
1788	0
1789	0
1790	1
1791	1
1792	1
1793	1
1794	0
1795	0
1796	1
1797	1
1798	1
1799	0
1800	0
1801	1
1802	1
1803	0
1804	1
1805	1
1806	0
1807	1
1808	0
1809	1
1810	0
1811	1
1812	0
1813	1
1814	0
1815	1
1816	1
1817	0
1818	0
1819	0
1820	0
1821	1
1822	1
1823	1
1824	1
1825	0
1826	1
1827	1
1828	1
1829	1
1830	1
1831	0
1832	1
1833	1
1834	0
1835	0
1836	0
1837	0
1838	1
1839	1
1840	1
1841	1
1842	1
1843	0
1844	1
1845	1
1846	1
1847	0
1848	0
1849	1
1850	1
1851	0
1852	0
1853	0
1854	1
1855	1
1856	1
1857	0
1858	0
1859	1
1860	0
1861	0
1862	1
1863	1
1864	0
1865	1
1866	1
1867	1
1868	1
1869	1
1870	1
1871	1
1872	1
1873	1
1874	0
1875	1
1876	1
1877	1
1878	1
1879	1
1880	0
1881	1
1882	1
1883	0
1884	0
1885	1
1886	1
1887	0
1888	1
1889	1
1890	0
1891	0
1892	1
1893	1
1894	1
1895	0
1896	0
1897	1
1898	0
1899	1
1900	1
1901	1
1902	1
1903	1
1904	1
1905	0
1906	0
1907	1
1908	1
1909	0
1910	1
1911	0
1912	0
1913	1
1914	1
1915	1
1916	1
1917	1
1918	0
1919	1
1920	0
1921	1
1922	1
1923	0
1924	1
1925	1
1926	1
1927	0
1928	0
1929	0
1930	0
1931	1
1932	0
1933	1
1934	1
1935	1
1936	0
1937	1
1938	1
1939	1
1940	1
1941	1
1942	1
1943	0
1944	1
1945	0
1946	1
1947	0
1948	1
1949	0
1950	1
1951	1
1952	0
1953	0
1954	0
1955	1
1956	0
1957	0
1958	0
1959	1
1960	1
1961	1
1962	1
1963	1
1964	1
1965	1
1966	1
1967	0
1968	1
1969	1
1970	0
1971	1
1972	1
1973	1
1974	0
1975	1
1976	1
1977	1
1978	1
1979	1
1980	0
1981	1
1982	0
1983	1
1984	1
1985	1
1986	1
1987	1
1988	0
1989	1
1990	1
1991	0
1992	0
1993	0
1994	1
1995	1
1996	1
1997	1
1998	1
1999	1
2000	0
2001	0
2002	1
2003	1
2004	1
2005	0
2006	0
2007	1
2008	0
2009	1
2010	1
2011	0
2012	0
2013	1
2014	1
2015	0
2016	1
2017	0
2018	1
2019	1
2020	0
2021	1
2022	1
2023	1
2024	1
2025	1
2026	1
2027	0
2028	1
2029	1
2030	1
2031	1
2032	1
2033	1
2034	1
2035	1
2036	1
2037	0
2038	0
2039	0
2040	1
2041	1
2042	0
2043	0
2044	1
2045	0
2046	1
2047	0
2048	0
2049	1
2050	1
2051	0
2052	1
2053	1
2054	0
2055	1
2056	0
2057	0
2058	0
2059	0
2060	1
2061	1
2062	1
2063	0
2064	0
2065	1
2066	1
2067	1
2068	0
2069	1
2070	1
2071	1
2072	0
2073	1
2074	1
2075	1
2076	1
2077	1
2078	0
2079	1
2080	1
2081	0
2082	1
2083	0
2084	1
2085	1
2086	1
2087	1
2088	1
2089	1
2090	0
2091	1
2092	1
2093	0
2094	1
2095	0
2096	0
2097	1
2098	1
2099	1
2100	1
2101	1
2102	1
2103	0
2104	1
2105	0
2106	0
2107	0
2108	1
2109	1
2110	0
2111	1
2112	1
2113	0
2114	1
2115	1
2116	1
2117	1
2118	0
2119	1
2120	1
2121	1
2122	0
2123	1
2124	1
2125	0
2126	1
2127	1
2128	1
2129	0
2130	1
2131	0
2132	0
2133	1
2134	1
2135	1
2136	0
2137	1
2138	1
2139	1
2140	0
2141	1
2142	1
2143	1
2144	1
2145	0
2146	1
2147	0
2148	0
2149	1
2150	1
2151	0
2152	0
2153	1
2154	1
2155	1
2156	1
2157	0
2158	1
2159	1
2160	1
2161	0
2162	1
2163	0
2164	0
2165	1
2166	1
2167	0
2168	0
2169	0
2170	0
2171	1
2172	1
2173	1
2174	0
2175	0
2176	1
2177	1
2178	0
2179	0
2180	1
2181	1
2182	1
2183	0
2184	1
2185	0
2186	1
2187	1
2188	1
2189	0
2190	1
2191	1
2192	1
2193	0
2194	1
2195	0
2196	1
2197	1
2198	1
2199	1
2200	1
2201	1
2202	1
2203	1
2204	0
2205	0
2206	1
2207	0
2208	1
2209	1
2210	0
2211	1
2212	1
2213	1
2214	1
2215	0
2216	1
2217	1
2218	0
2219	0
2220	1
2221	1
2222	0
2223	1
2224	1
2225	1
2226	0
2227	1
2228	1
2229	1
2230	1
2231	1
2232	1
2233	0
2234	0
2235	1
2236	0
2237	1
2238	1
2239	1
2240	1
2241	0
2242	1
2243	1
2244	1
2245	0
2246	1
2247	1
2248	1
2249	0
2250	0
2251	1
2252	0
2253	1
2254	1
2255	1
2256	1
2257	1
2258	1
2259	1
2260	0
2261	0
2262	0
2263	1
2264	1
2265	0
2266	1
2267	1
2268	1
2269	0
2270	1
2271	1
2272	1
2273	1
2274	0
2275	1
2276	1
2277	1
2278	0
2279	0
2280	0
2281	0
2282	1
2283	1
2284	1
2285	0
2286	1
2287	0
2288	1
2289	1
2290	1
2291	1
2292	1
2293	0
2294	0
2295	0
2296	0
2297	0
2298	0
2299	1
2300	1
2301	0
2302	1
2303	1
2304	1
2305	0
2306	1
2307	1
2308	1
2309	0
2310	1
2311	1
2312	1
2313	0
2314	1
2315	1
2316	1
2317	1
2318	1
2319	1
2320	1
2321	1
2322	1
2323	1
2324	1
2325	1
2326	1
2327	1
2328	0
2329	1
2330	0
2331	1
2332	0
2333	1
2334	1
2335	0
2336	1
2337	0
2338	1
2339	0
2340	1
2341	1
2342	1
2343	0
2344	1
2345	1
2346	1
2347	1
2348	1
2349	1
2350	1
2351	0
2352	0
2353	0
2354	1
2355	0
2356	1
2357	0
2358	0
2359	1
2360	1
2361	1
2362	0
2363	1
2364	0
2365	1
2366	1
2367	0
2368	1
2369	0
2370	1
2371	0
2372	0
2373	1
2374	1
2375	0
2376	1
2377	0
2378	1
2379	1
2380	0
2381	0
2382	0
2383	0
2384	0
2385	1
2386	1
2387	1
2388	0
2389	1
2390	0
2391	1
2392	1
2393	0
2394	0
2395	1
2396	0
2397	0
2398	1
2399	1
2400	1
2401	1
2402	1
2403	1
2404	0
2405	1
2406	1
2407	1
2408	0
2409	1
2410	1
2411	1
2412	1
2413	0
2414	1
2415	1
2416	1
2417	1
2418	1
2419	0
2420	1
2421	0
2422	1
2423	0
2424	0
2425	1
2426	0
2427	1
2428	1
2429	0
2430	1
2431	1
2432	0
2433	0
2434	0
2435	1
2436	1
2437	1
2438	0
2439	1
2440	1
2441	0
2442	0
2443	0
2444	1
2445	0
2446	0
2447	0
2448	0
2449	0
2450	1
2451	0
2452	1
2453	1
2454	0
2455	0
2456	0
2457	0
2458	1
2459	0
2460	1
2461	0
2462	1
2463	1
2464	1
2465	1
2466	0
2467	1
2468	1
2469	1
2470	0
2471	0
2472	1
2473	1
2474	0
2475	0
2476	1
2477	1
2478	0
2479	1
2480	0
2481	1
2482	1
2483	0
2484	0
2485	1
2486	1
2487	0
2488	1
2489	1
2490	1
2491	1
2492	0
2493	0
2494	0
2495	1
2496	1
2497	0
2498	1
2499	0
2500	1
2501	0
2502	1
2503	1
2504	0
2505	1
2506	1
2507	1
2508	1
2509	1
2510	0
2511	1
2512	1
2513	1
2514	0
2515	0
2516	1
2517	1
2518	1
2519	1
2520	0
2521	1
2522	1
2523	1
2524	0
2525	1
2526	1
2527	1
2528	1
2529	0
2530	0
2531	0
2532	1
2533	0
2534	1
2535	1
2536	1
2537	1
2538	0
2539	1
2540	0
2541	1
2542	0
2543	0
2544	1
2545	0
2546	0
2547	1
2548	0
2549	1
2550	0
2551	1
2552	1
2553	1
2554	1
2555	1
2556	1
2557	0
2558	1
2559	1
2560	1
2561	1
2562	0
2563	0
2564	1
2565	1
2566	1
2567	1
2568	0
2569	1
2570	1
2571	0
2572	1
2573	1
2574	1
2575	1
2576	1
2577	1
2578	0
2579	1
2580	1
2581	0
2582	0
2583	1
2584	1
2585	1
2586	0
2587	1
2588	1
2589	0
2590	1
2591	1
2592	1
2593	0
2594	1
2595	1
2596	0
2597	1
2598	1
2599	0
2600	1
2601	0
2602	0
2603	0
2604	1
2605	1
2606	0
2607	0
2608	1
2609	0
2610	0
2611	0
2612	1
2613	1
2614	0
2615	1
2616	0
2617	0
2618	0
2619	1
2620	1
2621	1
2622	1
2623	1
2624	0
2625	1
2626	0
2627	1
2628	1
2629	0
2630	0
2631	0
2632	1
2633	1
2634	1
2635	0
2636	1
2637	1
2638	1
2639	1
2640	1
2641	0
2642	0
2643	0
2644	0
2645	1
2646	0
2647	0
2648	1
2649	1
2650	1
2651	1
2652	1
2653	1
2654	1
2655	1
2656	0
2657	0
2658	1
2659	1
2660	1
2661	1
2662	0
2663	0
2664	1
2665	1
2666	0
2667	0
2668	0
2669	1
2670	0
2671	0
2672	0
2673	1
2674	0
2675	1
2676	1
2677	0
2678	1
2679	1
2680	0
2681	1
2682	1
2683	1
2684	0
2685	1
2686	1
2687	0
2688	0
2689	0
2690	1
2691	0
2692	1
2693	1
2694	0
2695	1
2696	1
2697	1
2698	1
2699	0
2700	1
2701	1
2702	0
2703	0
2704	0
2705	1
2706	1
2707	1
2708	1
2709	1
2710	1
2711	0
2712	0
2713	1
2714	0
2715	1
2716	1
2717	1
2718	1
2719	0
2720	0
2721	1
2722	0
2723	1
2724	1
2725	1
2726	1
2727	0
2728	1
2729	0
2730	0
2731	1
2732	0
2733	0
2734	1
2735	0
2736	1
2737	1
2738	1
2739	0
2740	0
2741	0
2742	1
2743	1
2744	1
2745	0
2746	1
2747	1
2748	1
2749	0
2750	1
2751	1
2752	1
2753	1
2754	1
2755	1
2756	1
2757	1
2758	0
2759	0
2760	1
2761	1
2762	0
2763	0
2764	0
2765	0
2766	0
2767	0
2768	1
2769	0
2770	1
2771	1
2772	1
2773	1
2774	1
2775	0
2776	1
2777	1
2778	1
2779	0
2780	1
2781	0
2782	0
2783	0
2784	1
2785	1
2786	0
2787	1
2788	1
2789	1
2790	1
2791	1
2792	0
2793	1
2794	1
2795	0
2796	0
2797	0
2798	0
2799	0
2800	0
2801	1
2802	0
2803	0
2804	1
2805	1
2806	1
2807	0
2808	0
2809	1
2810	0
2811	1
2812	1
2813	1
2814	0
2815	1
2816	0
2817	1
2818	1
2819	1
2820	1
2821	1
2822	0
2823	1
2824	0
2825	0
2826	0
2827	1
2828	0
2829	1
2830	1
2831	1
2832	0
2833	0
2834	1
2835	1
2836	0
2837	1
2838	0
2839	0
2840	1
2841	1
2842	0
2843	1
2844	1
2845	1
2846	1
2847	0
2848	0
2849	1
2850	1
2851	1
2852	1
2853	1
2854	1
2855	0
2856	1
2857	0
2858	1
2859	0
2860	0
2861	1
2862	1
2863	1
2864	0
2865	1
2866	0
2867	1
2868	1
2869	0
2870	1
2871	1
2872	1
2873	1
2874	0
2875	1
2876	1
2877	0
2878	0
2879	0
2880	0
2881	1
2882	1
2883	0
2884	1
2885	1
2886	0
2887	1
2888	1
2889	0
2890	0
2891	1
2892	1
2893	1
2894	0
2895	1
2896	1
2897	1
2898	1
2899	1
2900	1
2901	1
2902	0
2903	1
2904	1
2905	1
2906	0
2907	0
2908	0
2909	1
2910	1
2911	1
2912	0
2913	1
2914	0
2915	1
2916	0
2917	1
2918	0
2919	0
2920	1
2921	0
2922	1
2923	1
2924	1
2925	1
2926	0
2927	1
2928	1
2929	0
2930	1
2931	0
2932	1
2933	1
2934	0
2935	1
2936	1
2937	1
2938	0
2939	1
2940	1
2941	1
2942	0
2943	1
2944	0
2945	1
2946	1
2947	1
2948	1
2949	0
2950	1
2951	1
2952	1
2953	1
2954	0
2955	0
2956	1
2957	1
2958	0
2959	0
2960	1
2961	1
2962	1
2963	0
2964	1
2965	0
2966	1
2967	1
2968	1
2969	0
2970	1
2971	1
2972	1
2973	1
2974	0
2975	1
2976	1
2977	1
2978	1
2979	0
2980	1
2981	1
2982	0
2983	1
2984	0
2985	0
2986	0
2987	1
2988	0
2989	0
2990	0
2991	0
2992	1
2993	0
2994	1
2995	0
2996	0
2997	1
2998	0
2999	1
3000	1
3001	0
3002	1
3003	1
3004	0
3005	1
3006	1
3007	0
3008	0
3009	1
3010	1
3011	1
3012	1
3013	1
3014	1
3015	0
3016	1
3017	1
3018	1
3019	0
3020	0
3021	1
3022	1
3023	1
3024	0
3025	0
3026	1
3027	1
3028	1
3029	0
3030	1
3031	1
3032	1
3033	0
3034	1
3035	1
3036	0
3037	1
3038	0
3039	1
3040	1
3041	0
3042	1
3043	1
3044	1
3045	1
3046	1
3047	1
3048	0
3049	1
3050	1
3051	0
3052	1
3053	0
3054	0
3055	0
3056	1
3057	1
3058	1
3059	0
3060	1
3061	0
3062	0
3063	0
3064	0
3065	0
3066	0
3067	1
3068	1
3069	0
3070	0
3071	0
3072	1
3073	0
3074	1
3075	0
3076	1
3077	0
3078	1
3079	0
3080	1
3081	1
3082	1
3083	1
3084	1
3085	0
3086	1
3087	1
3088	1
3089	1
3090	1
3091	1
3092	1
3093	0
3094	0
3095	0
3096	0
3097	0
3098	1
3099	0
3100	0
3101	0
3102	1
3103	1
3104	1
3105	1
3106	0
3107	0
3108	1
3109	1
3110	1
3111	1
3112	1
3113	0
3114	1
3115	0
3116	0
3117	1
3118	1
3119	0
3120	1
3121	1
3122	1
3123	1
3124	1
3125	1
3126	0
3127	1
3128	0
3129	0
3130	1
3131	0
3132	1
3133	1
3134	1
3135	0
3136	1
3137	0
3138	1
3139	0
3140	1
3141	1
3142	0
3143	0
3144	1
3145	1
3146	1
3147	1
3148	1
3149	1
3150	1
3151	0
3152	0
3153	0
3154	1
3155	1
3156	1
3157	1
3158	0
3159	0
3160	1
3161	0
3162	1
3163	1
3164	0
3165	0
3166	1
3167	1
3168	0
3169	0
3170	1
3171	0
3172	1
3173	0
3174	1
3175	0
3176	0
3177	1
3178	0
3179	0
3180	1
3181	1
3182	1
3183	1
3184	1
3185	0
3186	0
3187	0
3188	1
3189	1
3190	1
3191	0
3192	0
3193	1
3194	1
3195	0
3196	1
3197	0
3198	1
3199	1
3200	1
3201	0
3202	1
3203	0
3204	0
3205	1
3206	1
3207	1
3208	1
3209	1
3210	1
3211	0
3212	1
3213	1
3214	0
3215	0
3216	1
3217	0
3218	0
3219	1
3220	0
3221	0
3222	0
3223	1
3224	1
3225	0
3226	0
3227	0
3228	1
3229	0
3230	1
3231	0
3232	0
3233	1
3234	0
3235	0
3236	0
3237	0
3238	0
3239	0
3240	1
3241	0
3242	0
3243	0
3244	0
3245	1
3246	0
3247	0
3248	1
3249	1
3250	0
3251	1
3252	1
3253	1
3254	1
3255	0
3256	1
3257	1
3258	1
3259	0
3260	1
3261	1
3262	1
3263	1
3264	1
3265	1
3266	1
3267	1
3268	0
3269	0
3270	0
3271	1
3272	0
3273	1
3274	0
3275	1
3276	0
3277	1
3278	0
3279	0
3280	1
3281	0
3282	1
3283	0
3284	1
3285	0
3286	1
3287	0
3288	1
3289	0
3290	1
3291	0
3292	1
3293	0
3294	0
3295	1
3296	1
3297	1
3298	0
3299	1
3300	0
3301	0
3302	1
3303	1
3304	1
3305	1
3306	0
3307	0
3308	1
3309	1
3310	1
3311	1
3312	1
3313	1
3314	1
3315	1
3316	1
3317	1
3318	1
3319	1
3320	1
3321	1
3322	0
3323	0
3324	0
3325	0
3326	0
3327	1
3328	1
3329	0
3330	1
3331	1
3332	0
3333	1
3334	0
3335	0
3336	1
3337	0
3338	0
3339	1
3340	1
3341	0
3342	0
3343	0
3344	0
3345	1
3346	1
3347	0
3348	0
3349	1
3350	0
3351	1
3352	1
3353	1
3354	0
3355	0
3356	0
3357	0
3358	1
3359	1
3360	1
3361	1
3362	0
3363	0
3364	0
3365	0
3366	0
3367	0
3368	0
3369	0
3370	1
3371	0
3372	1
3373	0
3374	1
3375	0
3376	0
3377	0
3378	0
3379	0
3380	0
3381	1
3382	0
3383	1
3384	0
3385	1
3386	0
3387	0
3388	0
3389	0
3390	0
3391	1
3392	1
3393	0
3394	1
3395	1
3396	1
3397	1
3398	0
3399	1
3400	1
3401	1
3402	1
3403	0
3404	1
3405	1
3406	1
3407	1
3408	0
3409	1
3410	1
3411	0
3412	1
3413	0
3414	1
3415	0
3416	0
3417	1
3418	1
3419	1
3420	0
3421	1
3422	1
3423	1
3424	0
3425	1
3426	0
3427	0
3428	1
3429	1
3430	0
3431	0
3432	1
3433	0
3434	0
3435	0
3436	1
3437	0
3438	0
3439	1
3440	0
3441	1
3442	1
3443	1
3444	1
3445	1
3446	0
3447	1
3448	0
3449	0
3450	0
3451	0
3452	1
3453	1
3454	0
3455	1
3456	1
3457	1
3458	1
3459	0
3460	1
3461	1
3462	1
3463	0
3464	0
3465	0
3466	1
3467	0
3468	1
3469	0
3470	1
3471	0
3472	0
3473	1
3474	1
3475	1
3476	0
3477	1
3478	1
3479	0
3480	1
3481	0
3482	1
3483	0
3484	1
3485	0
3486	1
3487	1
3488	0
3489	1
3490	1
3491	1
3492	1
3493	0
3494	0
3495	0
3496	0
3497	0
3498	1
3499	1
3500	1
3501	0
3502	1
3503	1
3504	1
3505	0
3506	0
3507	0
3508	0
3509	0
3510	1
3511	1
3512	1
3513	0
3514	0
3515	0
3516	1
3517	0
3518	0
3519	1
3520	1
3521	0
3522	1
3523	1
3524	1
3525	1
3526	1
3527	0
3528	1
3529	1
3530	0
3531	1
3532	1
3533	0
3534	1
3535	0
3536	1
3537	1
3538	1
3539	1
3540	1
3541	0
3542	0
3543	1
3544	1
3545	0
3546	1
3547	1
3548	1
3549	0
3550	1
3551	1
3552	1
3553	0
3554	1
3555	0
3556	1
3557	1
3558	1
3559	0
3560	0
3561	1
3562	1
3563	1
3564	0
3565	1
3566	1
3567	1
3568	1
3569	1
3570	1
3571	0
3572	0
3573	0
3574	1
3575	1
3576	1
3577	0
3578	1
3579	0
3580	0
3581	0
3582	1
3583	1
3584	1
3585	0
3586	0
3587	1
3588	1
3589	0
3590	0
3591	1
3592	1
3593	0
3594	0
3595	1
3596	0
3597	1
3598	0
3599	0
3600	1
3601	1
3602	0
3603	1
3604	1
3605	0
3606	0
3607	1
3608	1
3609	0
3610	1
3611	1
3612	0
3613	1
3614	0
3615	0
3616	1
3617	1
3618	0
3619	1
3620	0
3621	1
3622	1
3623	1
3624	1
3625	1
3626	1
3627	0
3628	0
3629	1
3630	1
3631	0
3632	1
3633	0
3634	1
3635	0
3636	1
3637	1
3638	1
3639	1
3640	0
3641	1
3642	1
3643	1
3644	1
3645	0
3646	1
3647	0
3648	1
3649	1
3650	1
3651	0
3652	1
3653	0
3654	1
3655	0
3656	1
3657	1
3658	1
3659	0
3660	1
3661	1
3662	0
3663	0
3664	1
3665	0
3666	0
3667	0
3668	0
3669	0
3670	1
3671	1
3672	1
3673	0
3674	1
3675	1
3676	0
3677	1
3678	0
3679	1
3680	1
3681	1
3682	0
3683	1
3684	1
3685	0
3686	1
3687	1
3688	1
3689	1
3690	1
3691	1
3692	0
3693	0
3694	0
3695	0
3696	1
3697	0
3698	1
3699	0
3700	1
3701	1
3702	1
3703	0
3704	0
3705	1
3706	1
3707	1
3708	1
3709	1
3710	0
3711	1
3712	0
3713	0
3714	1
3715	0
3716	1
3717	0
3718	1
3719	0
3720	1
3721	0
3722	0
3723	0
3724	0
3725	1
3726	1
3727	0
3728	0
3729	1
3730	1
3731	1
3732	1
3733	0
3734	0
3735	1
3736	1
3737	1
3738	1
3739	0
3740	0
3741	0
3742	1
3743	1
3744	1
3745	0
3746	1
3747	0
3748	0
3749	0
3750	1
3751	1
3752	1
3753	0
3754	1
3755	1
3756	1
3757	1
3758	1
3759	0
3760	0
3761	1
3762	0
3763	0
3764	1
3765	0
3766	0
3767	0
3768	1
3769	1
3770	0
3771	0
3772	1
3773	1
3774	0
3775	1
3776	1
3777	0
3778	1
3779	1
3780	0
3781	0
3782	1
3783	0
3784	0
3785	1
3786	1
3787	1
3788	1
3789	1
3790	1
3791	0
3792	0
3793	0
3794	0
3795	0
3796	0
3797	0
3798	0
3799	0
3800	1
3801	1
3802	1
3803	1
3804	1
3805	0
3806	0
3807	1
3808	1
3809	0
3810	1
3811	1
3812	0
3813	0
3814	1
3815	0
3816	1
3817	1
3818	1
3819	1
3820	0
3821	0
3822	1
3823	1
3824	1
3825	1
3826	1
3827	1
3828	0
3829	0
3830	1
3831	1
3832	0
3833	1
3834	0
3835	1
3836	0
3837	0
3838	1
3839	1
3840	1
3841	0
3842	1
3843	1
3844	1
3845	0
3846	0
3847	1
3848	0
3849	0
3850	0
3851	1
3852	1
3853	1
3854	1
3855	0
3856	1
3857	1
3858	1
3859	0
3860	0
3861	1
3862	0
3863	0
3864	1
3865	1
3866	1
3867	1
3868	0
3869	1
3870	0
3871	1
3872	1
3873	0
3874	0
3875	1
3876	1
3877	1
3878	1
3879	1
3880	1
3881	1
3882	0
3883	1
3884	0
3885	1
3886	1
3887	0
3888	0
3889	0
3890	1
3891	1
3892	1
3893	0
3894	1
3895	1
3896	0
3897	0
3898	1
3899	1
3900	0
3901	1
3902	1
3903	1
3904	0
3905	1
3906	0
3907	1
3908	0
3909	1
3910	1
3911	0
3912	1
3913	1
3914	1
3915	1
3916	0
3917	0
3918	1
3919	0
3920	0
3921	0
3922	1
3923	1
3924	1
3925	1
3926	1
3927	0
3928	1
3929	0
3930	1
3931	1
3932	1
3933	0
3934	1
3935	0
3936	1
3937	0
3938	0
3939	1
3940	1
3941	1
3942	0
3943	1
3944	0
3945	0
3946	0
3947	0
3948	1
3949	1
3950	1
3951	1
3952	0
3953	1
3954	1
3955	0
3956	0
3957	0
3958	0
3959	1
3960	1
3961	1
3962	1
3963	0
3964	0
3965	0
3966	0
3967	1
3968	0
3969	1
3970	0
3971	1
3972	0
3973	0
3974	0
3975	1
3976	1
3977	1
3978	1
3979	0
3980	1
3981	0
3982	0
3983	0
3984	1
3985	1
3986	0
3987	0
3988	1
3989	1
3990	1
3991	0
3992	0
3993	1
3994	0
3995	0
3996	0
3997	0
3998	0
3999	1
4000	1
4001	0
4002	0
4003	1
4004	1
4005	1
4006	0
4007	0
4008	1
4009	1
4010	0
4011	1
4012	1
4013	1
4014	1
4015	1
4016	0
4017	0
4018	1
4019	1
4020	1
4021	1
4022	0
4023	0
4024	1
4025	1
4026	1
4027	1
4028	1
4029	0
4030	0
4031	0
4032	0
4033	0
4034	1
4035	0
4036	1
4037	1
4038	1
4039	0
4040	1
4041	1
4042	1
4043	0
4044	1
4045	1
4046	0
4047	1
4048	1
4049	0
4050	1
4051	0
4052	1
4053	1
4054	1
4055	0
4056	1
4057	1
4058	0
4059	0
4060	1
4061	0
4062	1
4063	0
4064	1
4065	1
4066	1
4067	1
4068	0
4069	1
4070	1
4071	1
4072	1
4073	0
4074	0
4075	0
4076	0
4077	1
4078	1
4079	0
4080	1
4081	0
4082	1
4083	0
4084	1
4085	1
4086	0
4087	0
4088	0
4089	1
4090	1
4091	1
4092	0
4093	1
4094	1
4095	1
4096	1
4097	0
4098	0
4099	0
4100	1
4101	1
4102	0
4103	1
4104	0
4105	1
4106	1
4107	0
4108	1
4109	1
4110	0
4111	0
4112	1
4113	1
4114	1
4115	1
4116	1
4117	0
4118	0
4119	0
4120	0
4121	1
4122	0
4123	1
4124	0
4125	1
4126	0
4127	1
4128	1
4129	1
4130	1
4131	0
4132	1
4133	0
4134	1
4135	0
4136	1
4137	0
4138	1
4139	0
4140	1
4141	0
4142	0
4143	1
4144	1
4145	0
4146	0
4147	0
4148	0
4149	0
4150	1
4151	0
4152	0
4153	0
4154	1
4155	0
4156	0
4157	1
4158	1
4159	0
4160	0
4161	1
4162	0
4163	0
4164	1
4165	0
4166	0
4167	0
4168	0
4169	1
4170	1
4171	0
4172	1
4173	1
4174	1
4175	0
4176	0
4177	1
4178	1
4179	0
4180	1
4181	0
4182	0
4183	1
4184	0
4185	1
4186	0
4187	1
4188	1
4189	0
4190	0
4191	1
4192	0
4193	0
4194	1
4195	1
4196	1
4197	0
4198	1
4199	0
4200	1
4201	1
4202	0
4203	1
4204	1
4205	0
4206	1
4207	0
4208	0
4209	0
4210	1
4211	1
4212	0
4213	0
4214	0
4215	1
4216	1
4217	0
4218	0
4219	0
4220	1
4221	1
4222	1
4223	0
4224	0
4225	0
4226	0
4227	1
4228	0
4229	1
4230	1
4231	0
4232	1
4233	0
4234	1
4235	1
4236	0
4237	0
4238	0
4239	1
4240	0
4241	0
4242	1
4243	0
4244	1
4245	0
4246	1
4247	1
4248	1
4249	1
4250	0
4251	1
4252	0
4253	0
4254	1
4255	0
4256	1
4257	1
4258	1
4259	0
4260	0
4261	1
4262	0
4263	1
4264	1
4265	1
4266	1
4267	1
4268	1
4269	1
4270	0
4271	1
4272	0
4273	1
4274	1
4275	1
4276	0
4277	0
4278	1
4279	0
4280	1
4281	1
4282	1
4283	0
4284	0
4285	1
4286	1
4287	1
4288	1
4289	1
4290	0
4291	1
4292	1
4293	1
4294	0
4295	1
4296	1
4297	0
4298	1
4299	0
4300	1
4301	1
4302	1
4303	1
4304	0
4305	1
4306	1
4307	0
4308	1
4309	0
4310	1
4311	0
4312	1
4313	1
4314	1
4315	1
4316	0
4317	0
4318	1
4319	0
4320	0
4321	0
4322	1
4323	1
4324	1
4325	0
4326	1
4327	1
4328	1
4329	1
4330	0
4331	1
4332	0
4333	1
4334	1
4335	0
4336	0
4337	1
4338	1
4339	1
4340	0
4341	0
4342	1
4343	1
4344	0
4345	1
4346	0
4347	1
4348	0
4349	1
4350	0
4351	1
4352	0
4353	1
4354	0
4355	0
4356	0
4357	0
4358	1
4359	1
4360	1
4361	0
4362	1
4363	0
4364	1
4365	1
4366	0
4367	1
4368	1
4369	0
4370	1
4371	0
4372	0
4373	0
4374	0
4375	0
4376	1
4377	0
4378	0
4379	0
4380	1
4381	0
4382	0
4383	1
4384	1
4385	0
4386	1
4387	1
4388	1
4389	0
4390	1
4391	1
4392	0
4393	0
4394	0
4395	0
4396	0
4397	1
4398	1
4399	1
4400	0
4401	1
4402	0
4403	0
4404	1
4405	0
4406	1
4407	0
4408	0
4409	0
4410	1
4411	1
4412	0
4413	1
4414	0
4415	0
4416	1
4417	1
4418	1
4419	0
4420	1
4421	1
4422	0
4423	0
4424	0
4425	1
4426	0
4427	1
4428	1
4429	1
4430	1
4431	0
4432	1
4433	1
4434	0
4435	0
4436	0
4437	0
4438	1
4439	0
4440	1
4441	0
4442	1
4443	1
4444	0
4445	0
4446	1
4447	0
4448	0
4449	0
4450	1
4451	0
4452	0
4453	0
4454	1
4455	1
4456	1
4457	1
4458	1
4459	0
4460	0
4461	1
4462	0
4463	0
4464	0
4465	0
4466	1
4467	0
4468	1
4469	1
4470	0
4471	1
4472	0
4473	1
4474	1
4475	1
4476	1
4477	0
4478	1
4479	0
4480	0
4481	1
4482	0
4483	0
4484	0
4485	0
4486	1
4487	1
4488	1
4489	1
4490	0
4491	1
4492	1
4493	1
4494	0
4495	1
4496	0
4497	0
4498	0
4499	0
4500	1
4501	0
4502	0
4503	0
4504	1
4505	0
4506	1
4507	1
4508	0
4509	1
4510	0
4511	0
4512	0
4513	1
4514	1
4515	1
4516	1
4517	0
4518	1
4519	1
4520	0
4521	0
4522	0
4523	1
4524	1
4525	1
4526	1
4527	1
4528	0
4529	1
4530	1
4531	0
4532	1
4533	1
4534	0
4535	1
4536	0
4537	1
4538	1
4539	0
4540	0
4541	0
4542	0
4543	1
4544	0
4545	0
4546	0
4547	1
4548	0
4549	1
4550	1
4551	1
4552	0
4553	0
4554	1
4555	0
4556	0
4557	1
4558	1
4559	0
4560	0
4561	0
4562	1
4563	1
4564	1
4565	1
4566	0
4567	1
4568	0
4569	1
4570	1
4571	1
4572	1
4573	1
4574	1
4575	0
4576	0
4577	1
4578	0
4579	1
4580	0
4581	1
4582	0
4583	1
4584	1
4585	0
4586	1
4587	1
4588	0
4589	0
4590	1
4591	1
4592	1
4593	0
4594	1
4595	0
4596	1
4597	1
4598	1
4599	1
4600	1
4601	0
4602	1
4603	0
4604	1
4605	0
4606	1
4607	0
4608	1
4609	1
4610	0
4611	0
4612	0
4613	1
4614	1
4615	1
4616	0
4617	1
4618	1
4619	0
4620	0
4621	0
4622	1
4623	0
4624	1
4625	0
4626	1
4627	1
4628	0
4629	1
4630	0
4631	1
4632	1
4633	1
4634	0
4635	1
4636	1
4637	0
4638	0
4639	0
4640	0
4641	1
4642	1
4643	1
4644	0
4645	0
4646	0
4647	0
4648	0
4649	0
4650	1
4651	0
4652	1
4653	0
4654	0
4655	1
4656	1
4657	0
4658	0
4659	0
4660	1
4661	0
4662	1
4663	1
4664	0
4665	1
4666	0
4667	1
4668	0
4669	1
4670	1
4671	1
4672	1
4673	1
4674	0
4675	0
4676	1
4677	0
4678	0
4679	0
4680	0
4681	0
4682	0
4683	1
4684	1
4685	0
4686	1
4687	1
4688	0
4689	1
4690	0
4691	1
4692	1
4693	0
4694	0
4695	1
4696	0
4697	1
4698	0
4699	0
4700	0
4701	1
4702	0
4703	1
4704	1
4705	0
4706	0
4707	1
4708	1
4709	0
4710	1
4711	0
4712	1
4713	1
4714	0
4715	0
4716	0
4717	1
4718	0
4719	1
4720	0
4721	1
4722	1
4723	0
4724	0
4725	1
4726	1
4727	0
4728	0
4729	0
4730	1
4731	1
4732	0
4733	1
4734	0
4735	0
4736	0
4737	0
4738	1
4739	1
4740	1
4741	1
4742	0
4743	0
4744	0
4745	1
4746	1
4747	1
4748	1
4749	1
4750	1
4751	0
4752	1
4753	1
4754	0
4755	0
4756	0
4757	1
4758	0
4759	1
4760	1
4761	1
4762	0
4763	1
4764	0
4765	1
4766	0
4767	0
4768	0
4769	0
4770	0
4771	1
4772	0
4773	0
4774	1
4775	1
4776	0
4777	1
4778	0
4779	1
4780	1
4781	0
4782	0
4783	0
4784	1
4785	1
4786	0
4787	1
4788	0
4789	1
4790	0
4791	1
4792	1
4793	1
4794	0
4795	0
4796	0
4797	0
4798	0
4799	0
4800	1
4801	1
4802	1
4803	0
4804	0
4805	1
4806	1
4807	1
4808	1
4809	1
4810	1
4811	1
4812	0
4813	1
4814	0
4815	1
4816	1
4817	1
4818	1
4819	0
4820	1
4821	1
4822	0
4823	1
4824	0
4825	1
4826	0
4827	1
4828	1
4829	1
4830	0
4831	1
4832	1
4833	1
4834	1
4835	0
4836	0
4837	1
4838	1
4839	1
4840	1
4841	1
4842	1
4843	1
4844	1
4845	0
4846	0
4847	0
4848	0
4849	0
4850	0
4851	0
4852	0
4853	1
4854	1
4855	1
4856	1
4857	1
4858	1
4859	1
4860	1
4861	0
4862	1
4863	0
4864	1
4865	0
4866	0
4867	1
4868	1
4869	0
4870	1
4871	0
4872	0
4873	0
4874	1
4875	1
4876	1
4877	1
4878	1
4879	1
4880	1
4881	1
4882	0
4883	1
4884	0
4885	1
4886	1
4887	0
4888	0
4889	0
4890	1
4891	1
4892	0
4893	0
4894	0
4895	1
4896	0
4897	1
4898	0
4899	1
4900	0
4901	1
4902	1
4903	0
4904	0
4905	1
4906	0
4907	1
4908	1
4909	1
4910	1
4911	1
4912	0
4913	1
4914	1
4915	1
4916	0
4917	0
4918	1
4919	1
4920	0
4921	1
4922	1
4923	0
4924	1
4925	1
4926	1
4927	1
4928	0
4929	0
4930	0
4931	1
4932	0
4933	1
4934	1
4935	1
4936	1
4937	1
4938	1
4939	1
4940	1
4941	1
4942	1
4943	1
4944	0
4945	1
4946	0
4947	0
4948	0
4949	1
4950	1
4951	1
4952	1
4953	1
4954	1
4955	0
4956	1
4957	0
4958	0
4959	0
4960	1
4961	1
4962	0
4963	1
4964	0
4965	1
4966	0
4967	1
4968	1
4969	0
4970	0
4971	0
4972	1
4973	0
4974	1
4975	1
4976	1
4977	0
4978	1
4979	1
4980	1
4981	1
4982	1
4983	1
4984	1
4985	1
4986	0
4987	1
4988	1
4989	0
4990	1
4991	1
4992	1
4993	1
4994	1
4995	1
4996	1
4997	1
4998	1
4999	1
5000	0
5001	1
5002	1
5003	1
5004	0
5005	1
5006	1
5007	1
5008	1
5009	0
5010	1
5011	1
5012	1
5013	1
5014	1
5015	1
5016	1
5017	0
5018	1
5019	0
5020	0
5021	1
5022	0
5023	1
5024	1
5025	0
5026	1
5027	1
5028	0
5029	1
5030	1
5031	1
5032	1
5033	1
5034	0
5035	1
5036	1
5037	0
5038	1
5039	1
5040	0
5041	0
5042	1
5043	1
5044	1
5045	1
5046	0
5047	0
5048	0
5049	1
5050	0
5051	0
5052	1
5053	0
5054	1
5055	1
5056	0
5057	0
5058	1
5059	1
5060	0
5061	1
5062	1
5063	0
5064	0
5065	1
5066	0
5067	1
5068	0
5069	1
5070	0
5071	1
5072	1
5073	0
5074	0
5075	0
5076	1
5077	1
5078	1
5079	1
5080	1
5081	1
5082	1
5083	1
5084	1
5085	1
5086	1
5087	1
5088	0
5089	1
5090	1
5091	0
5092	1
5093	0
5094	1
5095	1
5096	1
5097	1
5098	1
5099	1
5100	0
5101	1
5102	0
5103	1
5104	0
5105	1
5106	0
5107	0
5108	0
5109	1
5110	1
5111	1
5112	0
5113	1
5114	0
5115	0
5116	0
5117	0
5118	1
5119	0
5120	1
5121	1
5122	1
5123	0
5124	0
5125	1
5126	1
5127	0
5128	0
5129	1
5130	1
5131	1
5132	1
5133	0
5134	1
5135	1
5136	0
5137	0
5138	0
5139	0
5140	0
5141	1
5142	1
5143	1
5144	1
5145	1
5146	1
5147	0
5148	0
5149	0
5150	0
5151	1
5152	0
5153	1
5154	0
5155	0
5156	0
5157	0
5158	0
5159	0
5160	0
5161	1
5162	0
5163	1
5164	1
5165	1
5166	1
5167	0
5168	0
5169	0
5170	0
5171	1
5172	0
5173	0
5174	0
5175	1
5176	1
5177	1
5178	1
5179	1
5180	0
5181	0
5182	1
5183	0
5184	0
5185	1
5186	1
5187	1
5188	1
5189	1
5190	0
5191	0
5192	0
5193	1
5194	0
5195	1
5196	0
5197	0
5198	0
5199	1
5200	0
5201	0
5202	0
5203	1
5204	1
5205	0
5206	1
5207	0
5208	1
5209	0
5210	0
5211	1
5212	1
5213	1
5214	1
5215	0
5216	0
5217	0
5218	1
5219	1
5220	1
5221	1
5222	0
5223	0
5224	1
5225	1
5226	0
5227	1
5228	1
5229	0
5230	0
5231	0
5232	1
5233	1
5234	0
5235	0
5236	1
5237	1
5238	1
5239	0
5240	1
5241	0
5242	0
5243	0
5244	0
5245	0
5246	0
5247	0
5248	1
5249	0
5250	0
5251	0
5252	0
5253	1
5254	1
5255	1
5256	0
5257	1
5258	1
5259	1
5260	1
5261	0
5262	0
5263	0
5264	1
5265	0
5266	0
5267	1
5268	0
5269	0
5270	0
5271	0
5272	0
5273	0
5274	0
5275	1
5276	1
5277	1
5278	0
5279	1
5280	0
5281	1
5282	1
5283	0
5284	1
5285	1
5286	0
5287	0
5288	0
5289	0
5290	0
5291	0
5292	0
5293	1
5294	1
5295	1
5296	0
5297	1
5298	1
5299	0
5300	1
5301	0
5302	1
5303	1
5304	0
5305	0
5306	1
5307	0
5308	1
5309	1
5310	1
5311	1
5312	1
5313	1
5314	0
5315	1
5316	1
5317	1
5318	1
5319	0
5320	0
5321	1
5322	0
5323	0
5324	1
5325	1
5326	1
5327	1
5328	0
5329	1
5330	1
5331	1
5332	1
5333	1
5334	0
5335	1
5336	1
5337	1
5338	0
5339	0
5340	0
5341	0
5342	0
5343	1
5344	1
5345	0
5346	0
5347	0
5348	1
5349	1
5350	0
5351	1
5352	1
5353	1
5354	0
5355	1
5356	0
5357	0
5358	1
5359	0
5360	0
5361	1
5362	1
5363	1
5364	1
5365	1
5366	1
5367	1
5368	0
5369	1
5370	1
5371	0
5372	1
5373	1
5374	0
5375	1
5376	0
5377	0
5378	1
5379	0
5380	1
5381	0
5382	0
5383	0
5384	0
5385	1
5386	0
5387	0
5388	0
5389	0
5390	0
5391	0
5392	0
5393	1
5394	1
5395	0
5396	0
5397	1
5398	1
5399	0
5400	1
5401	1
5402	1
5403	1
5404	1
5405	1
5406	1
5407	0
5408	1
5409	0
5410	0
5411	1
5412	0
5413	1
5414	0
5415	1
5416	0
5417	0
5418	1
5419	0
5420	0
5421	0
5422	0
5423	0
5424	0
5425	0
5426	1
5427	1
5428	1
5429	0
5430	1
5431	1
5432	1
5433	1
5434	1
5435	1
5436	0
5437	1
5438	1
5439	1
5440	0
5441	0
5442	0
5443	1
5444	0
5445	0
5446	0
5447	1
5448	1
5449	0
5450	1
5451	1
5452	1
5453	1
5454	0
5455	1
5456	0
5457	0
5458	0
5459	0
5460	1
5461	1
5462	0
5463	1
5464	0
5465	0
5466	1
5467	1
5468	0
5469	0
5470	0
5471	0
5472	1
5473	1
5474	1
5475	1
5476	0
5477	1
5478	0
5479	1
5480	1
5481	1
5482	1
5483	0
5484	0
5485	0
5486	0
5487	0
5488	1
5489	0
5490	1
5491	0
5492	0
5493	0
5494	0
5495	1
5496	0
5497	0
5498	1
5499	0
5500	1
5501	1
5502	0
5503	1
5504	0
5505	1
5506	1
5507	0
5508	1
5509	0
5510	0
5511	0
5512	0
5513	1
5514	1
5515	1
5516	0
5517	1
5518	1
5519	0
5520	0
5521	1
5522	1
5523	0
5524	1
5525	0
5526	1
5527	0
5528	1
5529	1
5530	0
5531	0
5532	0
5533	0
5534	1
5535	1
5536	1
5537	0
5538	0
5539	0
5540	1
5541	1
5542	0
5543	0
5544	0
5545	0
5546	0
5547	0
5548	0
5549	0
5550	1
5551	0
5552	1
5553	0
5554	1
5555	1
5556	1
5557	1
5558	0
5559	1
5560	0
5561	0
5562	0
5563	1
5564	1
5565	1
5566	0
5567	1
5568	0
5569	1
5570	1
5571	1
5572	0
5573	0
5574	1
5575	1
5576	0
5577	0
5578	0
5579	0
5580	0
5581	1
5582	1
5583	0
5584	0
5585	1
5586	1
5587	0
5588	0
5589	1
5590	1
5591	0
5592	0
5593	0
5594	0
5595	0
5596	1
5597	0
5598	0
5599	0
5600	1
5601	0
5602	1
5603	0
5604	1
5605	1
5606	0
5607	0
5608	0
5609	0
5610	0
5611	0
5612	1
5613	1
5614	1
5615	0
5616	0
5617	1
5618	1
5619	1
5620	1
5621	1
5622	1
5623	1
5624	1
5625	0
5626	1
5627	1
5628	1
5629	1
5630	1
5631	1
5632	1
5633	0
5634	1
5635	1
5636	1
5637	0
5638	1
5639	0
5640	0
5641	1
5642	1
5643	1
5644	0
5645	1
5646	1
5647	0
5648	0
5649	1
5650	0
5651	1
5652	0
5653	1
5654	0
5655	1
5656	1
5657	1
5658	1
5659	1
5660	1
5661	1
5662	0
5663	0
5664	1
5665	1
5666	1
5667	1
5668	1
5669	1
5670	0
5671	1
5672	0
5673	1
5674	0
5675	1
5676	1
5677	0
5678	0
5679	1
5680	1
5681	0
5682	1
5683	0
5684	1
5685	1
5686	1
5687	1
5688	1
5689	0
5690	0
5691	0
5692	0
5693	1
5694	1
5695	0
5696	1
5697	0
5698	1
5699	0
5700	1
5701	1
5702	1
5703	0
5704	1
5705	0
5706	0
5707	1
5708	1
5709	0
5710	1
5711	0
5712	1
5713	0
5714	1
5715	1
5716	1
5717	1
5718	0
5719	1
5720	1
5721	1
5722	1
5723	1
5724	1
5725	0
5726	1
5727	0
5728	1
5729	0
5730	0
5731	1
5732	1
5733	0
5734	1
5735	0
5736	1
5737	1
5738	0
5739	1
5740	0
5741	1
5742	0
5743	0
5744	1
5745	0
5746	1
5747	0
5748	1
5749	0
5750	0
5751	1
5752	0
5753	1
5754	0
5755	1
5756	1
5757	1
5758	1
5759	1
5760	0
5761	1
5762	1
5763	0
5764	1
5765	1
5766	0
5767	0
5768	1
5769	1
5770	0
5771	1
5772	1
5773	1
5774	0
5775	0
5776	1
5777	0
5778	1
5779	1
5780	1
5781	1
5782	0
5783	1
5784	0
5785	1
5786	1
5787	1
5788	1
5789	0
5790	1
5791	1
5792	0
5793	0
5794	1
5795	0
5796	0
5797	1
5798	0
5799	1
5800	1
5801	1
5802	1
5803	1
5804	0
5805	0
5806	1
5807	0
5808	1
5809	0
5810	1
5811	0
5812	1
5813	0
5814	0
5815	0
5816	0
5817	1
5818	1
5819	0
5820	1
5821	1
5822	0
5823	1
5824	0
5825	1
5826	1
5827	0
5828	1
5829	1
5830	1
5831	1
5832	0
5833	0
5834	1
5835	0
5836	0
5837	1
5838	1
5839	1
5840	1
5841	0
5842	1
5843	1
5844	0
5845	1
5846	1
5847	0
5848	1
5849	0
5850	1
5851	0
5852	1
5853	1
5854	1
5855	1
5856	1
5857	0
5858	0
5859	0
5860	0
5861	0
5862	0
5863	0
5864	0
5865	1
5866	1
5867	1
5868	1
5869	0
5870	1
5871	1
5872	1
5873	0
5874	1
5875	1
5876	0
5877	1
5878	1
5879	1
5880	0
5881	1
5882	1
5883	0
5884	0
5885	1
5886	0
5887	0
5888	0
5889	0
5890	0
5891	0
5892	1
5893	1
5894	1
5895	0
5896	1
5897	0
5898	0
5899	1
5900	1
5901	1
5902	1
5903	0
5904	1
5905	0
5906	0
5907	1
5908	0
5909	1
5910	0
5911	1
5912	0
5913	0
5914	1
5915	1
5916	0
5917	1
5918	0
5919	1
5920	1
5921	1
5922	1
5923	1
5924	0
5925	0
5926	1
5927	0
5928	1
5929	0
5930	1
5931	0
5932	0
5933	0
5934	0
5935	1
5936	0
5937	1
5938	1
5939	0
5940	1
5941	1
5942	0
5943	1
5944	1
5945	0
5946	0
5947	0
5948	0
5949	1
5950	0
5951	0
5952	0
5953	0
5954	0
5955	1
5956	0
5957	1
5958	1
5959	1
5960	0
5961	1
5962	1
5963	0
5964	0
5965	1
5966	0
5967	1
5968	0
5969	0
5970	0
5971	0
5972	1
5973	1
5974	0
5975	0
5976	1
5977	1
5978	1
5979	1
5980	0
5981	0
5982	1
5983	1
5984	0
5985	0
5986	1
5987	0
5988	1
5989	0
5990	1
5991	1
5992	1
5993	0
5994	1
5995	0
5996	1
5997	0
5998	0
5999	0
6000	1
6001	0
6002	0
6003	0
6004	0
6005	0
6006	0
6007	1
6008	0
6009	0
6010	0
6011	0
6012	0
6013	0
6014	1
6015	1
6016	1
6017	1
6018	1
6019	0
6020	0
6021	0
6022	1
6023	0
6024	0
6025	1
6026	1
6027	0
6028	0
6029	1
6030	1
6031	1
6032	1
6033	0
6034	1
6035	1
6036	1
6037	0
6038	1
6039	1
6040	0
6041	1
6042	1
6043	0
6044	0
6045	0
6046	0
6047	1
6048	1
6049	1
6050	0
6051	1
6052	1
6053	1
6054	1
6055	1
6056	1
6057	1
6058	0
6059	0
6060	0
6061	0
6062	0
6063	0
6064	0
6065	0
6066	1
6067	1
6068	1
6069	1
6070	1
6071	1
6072	1
6073	1
6074	0
6075	1
6076	0
6077	1
6078	0
6079	0
6080	1
6081	0
6082	1
6083	1
6084	0
6085	1
6086	1
6087	1
6088	1
6089	1
6090	0
6091	0
6092	1
6093	1
6094	1
6095	1
6096	1
6097	1
6098	1
6099	0
6100	1
6101	0
6102	1
6103	1
6104	1
6105	0
6106	1
6107	0
6108	1
6109	1
6110	1
6111	1
6112	0
6113	1
6114	1
6115	0
6116	1
6117	0
6118	1
6119	1
6120	0
6121	1
6122	1
6123	0
6124	1
6125	0
6126	1
6127	0
6128	1
6129	1
6130	1
6131	1
6132	1
6133	0
6134	1
6135	1
6136	0
6137	1
6138	0
6139	0
6140	0
6141	1
6142	1
6143	0
6144	1
6145	1
6146	1
6147	0
6148	0
6149	1
6150	0
6151	1
6152	1
6153	1
6154	1
6155	0
6156	1
6157	0
6158	1
6159	0
6160	1
6161	1
6162	1
6163	1
6164	1
6165	1
6166	1
6167	1
6168	1
6169	0
6170	1
6171	0
6172	0
6173	1
6174	0
6175	1
6176	0
6177	0
6178	1
6179	0
6180	0
6181	1
6182	1
6183	1
6184	0
6185	1
6186	0
6187	0
6188	1
6189	1
6190	0
6191	1
6192	0
6193	1
6194	0
6195	1
6196	1
6197	1
6198	1
6199	1
6200	1
6201	0
6202	0
6203	1
6204	0
6205	1
6206	1
6207	0
6208	1
6209	1
6210	0
6211	0
6212	1
6213	1
6214	1
6215	1
6216	0
6217	0
6218	1
6219	1
6220	0
6221	1
6222	0
6223	1
6224	0
6225	1
6226	1
6227	0
6228	1
6229	1
6230	0
6231	1
6232	1
6233	0
6234	1
6235	1
6236	0
6237	1
6238	0
6239	1
6240	1
6241	0
6242	1
6243	1
6244	1
6245	0
6246	1
6247	1
6248	1
6249	0
6250	0
6251	1
6252	1
6253	1
6254	0
6255	1
6256	1
6257	0
6258	1
6259	0
6260	0
6261	0
6262	1
6263	0
6264	0
6265	1
6266	1
6267	1
6268	1
6269	0
6270	1
6271	0
6272	1
6273	1
6274	1
6275	0
6276	1
6277	1
6278	0
6279	1
6280	0
6281	0
6282	0
6283	1
6284	0
6285	1
6286	1
6287	0
6288	0
6289	1
6290	1
6291	1
6292	1
6293	0
6294	1
6295	1
6296	1
6297	1
6298	1
6299	0
6300	1
6301	0
6302	1
6303	0
6304	1
6305	0
6306	1
6307	0
6308	0
6309	1
6310	0
6311	0
6312	0
6313	0
6314	0
6315	1
6316	0
6317	1
6318	1
6319	1
6320	0
6321	1
6322	0
6323	1
6324	0
6325	1
6326	0
6327	1
6328	0
6329	1
6330	0
6331	1
6332	1
6333	1
6334	1
6335	1
6336	0
6337	0
6338	1
6339	1
6340	1
6341	0
6342	1
6343	1
6344	1
6345	0
6346	1
6347	1
6348	0
6349	0
6350	0
6351	1
6352	0
6353	1
6354	0
6355	0
6356	1
6357	1
6358	1
6359	1
6360	0
6361	0
6362	1
6363	0
6364	0
6365	1
6366	1
6367	1
6368	0
6369	1
6370	0
6371	0
6372	1
6373	1
6374	0
6375	0
6376	1
6377	1
6378	0
6379	0
6380	0
6381	1
6382	1
6383	0
6384	1
6385	0
6386	1
6387	1
6388	1
6389	0
6390	0
6391	1
6392	1
6393	1
6394	0
6395	1
6396	1
6397	1
6398	0
6399	0
6400	0
6401	0
6402	1
6403	1
6404	1
6405	1
6406	0
6407	0
6408	1
6409	1
6410	0
6411	0
6412	1
6413	0
6414	1
6415	0
6416	1
6417	0
6418	0
6419	0
6420	0
6421	1
6422	0
6423	1
6424	0
6425	0
6426	1
6427	0
6428	1
6429	1
6430	1
6431	0
6432	1
6433	0
6434	1
6435	1
6436	1
6437	1
6438	0
6439	1
6440	1
6441	1
6442	1
6443	0
6444	0
6445	0
6446	1
6447	0
6448	0
6449	0
6450	1
6451	0
6452	0
6453	0
6454	1
6455	1
6456	1
6457	1
6458	1
6459	1
6460	1
6461	1
6462	1
6463	0
6464	0
6465	0
6466	0
6467	0
6468	1
6469	1
6470	1
6471	1
6472	1
6473	1
6474	1
6475	0
6476	1
6477	0
6478	0
6479	0
6480	1
6481	1
6482	1
6483	0
6484	0
6485	1
6486	0
6487	0
6488	1
6489	1
6490	1
6491	1
6492	1
6493	0
6494	1
6495	1
6496	1
6497	0
6498	1
6499	0
6500	1
6501	1
6502	1
6503	0
6504	1
6505	1
6506	1
6507	0
6508	0
6509	1
6510	0
6511	1
6512	0
6513	1
6514	0
6515	1
6516	0
6517	1
6518	0
6519	1
6520	1
6521	0
6522	1
6523	1
6524	1
6525	0
6526	0
6527	1
6528	1
6529	1
6530	0
6531	0
6532	1
6533	0
6534	1
6535	1
6536	0
6537	1
6538	0
6539	1
6540	1
6541	1
6542	0
6543	1
6544	1
6545	1
6546	1
6547	0
6548	1
6549	1
6550	1
6551	0
6552	1
6553	1
6554	0
6555	1
6556	1
6557	0
6558	0
6559	1
6560	0
6561	0
6562	0
6563	1
6564	1
6565	1
6566	0
6567	1
6568	1
6569	0
6570	0
6571	0
6572	1
6573	1
6574	1
6575	1
6576	1
6577	1
6578	0
6579	1
6580	0
6581	1
6582	1
6583	0
6584	0
6585	1
6586	1
6587	0
6588	1
6589	1
6590	1
6591	1
6592	0
6593	0
6594	1
6595	1
6596	1
6597	0
6598	1
6599	0
6600	0
6601	0
6602	1
6603	1
6604	0
6605	1
6606	1
6607	1
6608	0
6609	1
6610	1
6611	1
6612	1
6613	0
6614	1
6615	1
6616	0
6617	1
6618	1
6619	1
6620	0
6621	1
6622	1
6623	1
6624	1
6625	0
6626	1
6627	0
6628	0
6629	1
6630	1
6631	1
6632	0
6633	0
6634	1
6635	0
6636	0
6637	0
6638	0
6639	1
6640	1
6641	1
6642	1
6643	0
6644	1
6645	1
6646	0
6647	1
6648	1
6649	0
6650	0
6651	1
6652	0
6653	1
6654	0
6655	1
6656	0
6657	1
6658	1
6659	1
6660	1
6661	0
6662	1
6663	1
6664	1
6665	1
6666	1
6667	1
6668	0
6669	0
6670	0
6671	1
6672	1
6673	0
6674	1
6675	1
6676	1
6677	1
6678	0
6679	1
6680	0
6681	1
6682	1
6683	1
6684	0
6685	1
6686	1
6687	1
6688	0
6689	0
6690	0
6691	1
6692	1
6693	1
6694	1
6695	0
6696	1
6697	0
6698	0
6699	1
6700	1
6701	1
6702	0
6703	0
6704	0
6705	0
6706	0
6707	0
6708	0
6709	1
6710	0
6711	0
6712	0
6713	1
6714	1
6715	1
6716	0
6717	1
6718	0
6719	0
6720	0
6721	0
6722	0
6723	1
6724	0
6725	1
6726	0
6727	0
6728	0
6729	0
6730	1
6731	1
6732	0
6733	1
6734	1
6735	1
6736	0
6737	1
6738	0
6739	1
6740	0
6741	0
6742	1
6743	0
6744	1
6745	1
6746	0
6747	1
6748	1
6749	0
6750	1
6751	0
6752	0
6753	1
6754	0
6755	0
6756	0
6757	0
6758	1
6759	1
6760	1
6761	0
6762	1
6763	1
6764	1
6765	1
6766	1
6767	0
6768	1
6769	0
6770	0
6771	0
6772	0
6773	1
6774	1
6775	1
6776	0
6777	0
6778	1
6779	1
6780	0
6781	1
6782	0
6783	1
6784	0
6785	0
6786	1
6787	0
6788	1
6789	1
6790	1
6791	1
6792	0
6793	0
6794	0
6795	0
6796	0
6797	0
6798	0
6799	1
6800	1
6801	0
6802	1
6803	0
6804	0
6805	1
6806	0
6807	0
6808	1
6809	1
6810	0
6811	1
6812	1
6813	0
6814	1
6815	0
6816	1
6817	1
6818	0
6819	0
6820	1
6821	0
6822	0
6823	1
6824	0
6825	1
6826	1
6827	1
6828	1
6829	0
6830	0
6831	1
6832	1
6833	0
6834	1
6835	0
6836	0
6837	1
6838	1
6839	1
6840	0
6841	0
6842	1
6843	0
6844	0
6845	0
6846	1
6847	0
6848	1
6849	0
6850	0
6851	0
6852	0
6853	0
6854	0
6855	0
6856	0
6857	0
6858	0
6859	1
6860	0
6861	1
6862	1
6863	1
6864	0
6865	1
6866	0
6867	0
6868	0
6869	0
6870	0
6871	0
6872	1
6873	0
6874	1
6875	0
6876	1
6877	1
6878	1
6879	0
6880	0
6881	0
6882	0
6883	1
6884	0
6885	1
6886	1
6887	0
6888	0
6889	0
6890	0
6891	1
6892	1
6893	0
6894	0
6895	0
6896	1
6897	0
6898	0
6899	0
6900	0
6901	1
6902	0
6903	0
6904	0
6905	1
6906	1
6907	0
6908	1
6909	0
6910	0
6911	0
6912	0
6913	0
6914	1
6915	1
6916	0
6917	1
6918	1
6919	0
6920	0
6921	1
6922	0
6923	0
6924	1
6925	1
6926	0
6927	1
6928	0
6929	1
6930	0
6931	0
6932	0
6933	1
6934	0
6935	1
6936	1
6937	0
6938	0
6939	0
6940	1
6941	0
6942	1
6943	0
6944	0
6945	1
6946	0
6947	1
6948	1
6949	1
6950	1
6951	0
6952	1
6953	1
6954	0
6955	0
6956	1
6957	0
6958	1
6959	1
6960	1
6961	0
6962	0
6963	0
6964	1
6965	0
6966	0
6967	0
6968	0
6969	1
6970	1
6971	1
6972	0
6973	1
6974	1
6975	0
6976	1
6977	1
6978	0
6979	1
6980	0
6981	1
6982	1
6983	1
6984	0
6985	0
6986	0
6987	0
6988	1
6989	1
6990	1
6991	1
6992	0
6993	1
6994	0
6995	0
6996	0
6997	1
6998	0
6999	1
7000	1
7001	0
7002	1
7003	0
7004	1
7005	0
7006	1
7007	0
7008	1
7009	1
7010	1
7011	0
7012	0
7013	1
7014	0
7015	0
7016	0
7017	1
7018	0
7019	1
7020	1
7021	0
7022	1
7023	0
7024	1
7025	0
7026	1
7027	0
7028	0
7029	1
7030	0
7031	1
7032	0
7033	1
7034	1
7035	0
7036	1
7037	0
7038	0
7039	1
7040	1
7041	1
7042	1
7043	0
7044	0
7045	1
7046	0
7047	1
7048	1
7049	1
7050	1
7051	1
7052	1
7053	0
7054	0
7055	0
7056	0
7057	1
7058	1
7059	1
7060	1
7061	0
7062	1
7063	1
7064	1
7065	0
7066	1
7067	1
7068	1
7069	1
7070	1
7071	0
7072	0
7073	1
7074	1
7075	1
7076	0
7077	0
7078	1
7079	1
7080	1
7081	1
7082	1
7083	1
7084	1
7085	1
7086	1
7087	0
7088	1
7089	1
7090	0
7091	0
7092	1
7093	1
7094	1
7095	1
7096	1
7097	1
7098	1
7099	1
7100	0
7101	0
7102	1
7103	0
7104	1
7105	1
7106	1
7107	0
7108	1
7109	1
7110	0
7111	0
7112	1
7113	0
7114	0
7115	1
7116	0
7117	1
7118	1
7119	0
7120	1
7121	0
7122	1
7123	1
7124	1
7125	1
7126	1
7127	1
7128	1
7129	1
7130	1
7131	0
7132	1
7133	0
7134	1
7135	1
7136	1
7137	0
7138	0
7139	0
7140	1
7141	0
7142	0
7143	1
7144	1
7145	1
7146	1
7147	0
7148	0
7149	0
7150	0
7151	1
7152	1
7153	1
7154	0
7155	1
7156	0
7157	1
7158	1
7159	0
7160	0
7161	1
7162	1
7163	1
7164	1
7165	1
7166	0
7167	0
7168	0
7169	1
7170	1
7171	0
7172	1
7173	1
7174	1
7175	1
7176	1
7177	1
7178	1
7179	1
7180	1
7181	0
7182	1
7183	1
7184	0
7185	1
7186	1
7187	1
7188	0
7189	0
7190	0
7191	0
7192	0
7193	1
7194	0
7195	1
7196	0
7197	1
7198	0
7199	1
7200	1
7201	0
7202	0
7203	0
7204	1
7205	1
7206	1
7207	1
7208	1
7209	0
7210	1
7211	1
7212	1
7213	0
7214	0
7215	1
7216	0
7217	1
