0	0
1	1
2	1
3	1
4	1
5	1
6	1
7	1
8	0
9	0
10	0
11	1
12	0
13	1
14	0
15	0
16	1
17	0
18	1
19	1
20	1
21	0
22	1
23	1
24	0
25	0
26	0
27	1
28	0
29	0
30	0
31	1
32	1
33	1
34	1
35	1
36	1
37	0
38	1
39	1
40	1
41	1
42	0
43	1
44	1
45	1
46	1
47	1
48	0
49	0
50	1
51	1
52	1
53	0
54	1
55	1
56	0
57	1
58	1
59	1
60	1
61	1
62	0
63	1
64	1
65	0
66	1
67	0
68	0
69	0
70	1
71	1
72	0
73	1
74	0
75	1
76	1
77	1
78	1
79	1
80	1
81	1
82	0
83	0
84	1
85	1
86	1
87	1
88	1
89	1
90	0
91	0
92	0
93	0
94	1
95	0
96	0
97	0
98	1
99	1
100	1
101	1
102	1
103	0
104	0
105	1
106	1
107	0
108	1
109	0
110	0
111	1
112	1
113	0
114	1
115	0
116	1
117	0
118	0
119	1
120	0
121	1
122	1
123	1
124	0
125	0
126	0
127	1
128	1
129	0
130	0
131	0
132	0
133	0
134	1
135	0
136	0
137	0
138	0
139	1
140	0
141	0
142	1
143	0
144	0
145	1
146	1
147	1
148	0
149	1
150	1
151	0
152	0
153	1
154	1
155	0
156	1
157	1
158	1
159	1
160	1
161	1
162	1
163	0
164	1
165	1
166	1
167	1
168	0
169	1
170	1
171	1
172	0
173	1
174	1
175	1
176	1
177	1
178	1
179	1
180	1
181	0
182	1
183	0
184	1
185	1
186	1
187	1
188	0
189	1
190	1
191	1
192	1
193	1
194	1
195	1
196	1
197	1
198	0
199	1
200	1
201	0
202	1
203	1
204	0
205	1
206	1
207	1
208	1
209	1
210	0
211	0
212	0
213	1
214	1
215	1
216	1
217	1
218	1
219	1
220	1
221	1
222	1
223	1
224	0
225	1
226	1
227	1
228	1
229	1
230	0
231	1
232	1
233	1
234	1
235	1
236	0
237	0
238	1
239	1
240	0
241	1
242	1
243	1
244	0
245	0
246	0
247	0
248	0
249	1
250	0
251	0
252	0
253	1
254	0
255	1
256	1
257	0
258	0
259	0
260	1
261	0
262	1
263	1
264	1
265	0
266	1
267	0
268	0
269	0
270	1
271	1
272	1
273	1
274	0
275	0
276	0
277	0
278	0
279	0
280	1
281	1
282	0
283	0
284	0
285	0
286	0
287	0
288	1
289	1
290	0
291	1
292	0
293	0
294	0
295	1
296	0
297	1
298	0
299	0
300	1
301	0
302	0
303	1
304	0
305	1
306	1
307	0
308	1
309	0
310	1
311	0
312	0
313	0
314	0
315	1
316	0
317	0
318	1
319	0
320	1
321	1
322	0
323	0
324	1
325	0
326	1
327	1
328	1
329	0
330	0
331	0
332	0
333	0
334	1
335	1
336	0
337	0
338	1
339	1
340	1
341	0
342	0
343	0
344	1
345	1
346	0
347	0
348	0
349	0
350	1
351	0
352	0
353	1
354	0
355	1
356	1
357	0
358	0
359	1
360	0
361	0
362	1
363	1
364	1
365	1
366	1
367	0
368	1
369	0
370	0
371	0
372	0
373	1
374	1
375	0
376	1
377	0
378	0
379	1
380	0
381	1
382	0
383	0
384	1
385	0
386	0
387	0
388	1
389	0
390	1
391	1
392	0
393	0
394	0
395	1
396	0
397	0
398	0
399	0
400	1
401	0
402	1
403	0
404	0
405	1
406	1
407	1
408	0
409	1
410	0
411	0
412	0
413	1
414	1
415	1
416	1
417	1
418	0
419	1
420	0
421	1
422	0
423	1
424	0
425	1
426	0
427	0
428	0
429	1
430	1
431	0
432	1
433	0
434	1
435	0
436	0
437	0
438	1
439	0
440	0
441	1
442	1
443	0
444	1
445	0
446	0
447	1
448	0
449	0
450	1
451	1
452	1
453	1
454	0
455	0
456	1
457	0
458	0
459	1
460	1
461	0
462	0
463	0
464	0
465	1
466	0
467	1
468	1
469	1
470	0
471	0
472	1
473	0
474	1
475	0
476	0
477	1
478	0
479	0
480	1
481	0
482	1
483	0
484	1
485	1
486	0
487	0
488	0
489	0
490	1
491	0
492	1
493	0
494	1
495	0
496	0
497	1
498	0
499	1
500	1
501	0
502	0
503	0
504	0
505	1
506	0
507	0
508	1
509	1
510	0
511	0
512	0
513	1
514	0
515	0
516	1
517	0
518	0
519	1
520	1
521	0
522	0
523	0
524	0
525	0
526	0
527	0
528	1
529	0
530	1
531	0
532	1
533	0
534	0
535	0
536	1
537	1
538	0
539	1
540	0
541	1
542	0
543	1
544	1
545	0
546	1
547	1
548	0
549	1
550	1
551	0
552	1
553	1
554	0
555	0
556	0
557	1
558	0
559	1
560	1
561	1
562	1
563	1
564	1
565	1
566	0
567	1
568	0
569	1
570	1
571	1
572	1
573	1
574	0
575	1
576	1
577	1
578	1
579	1
580	1
581	1
582	1
583	0
584	0
585	1
586	1
587	0
588	0
589	1
590	1
591	0
592	0
593	0
594	1
595	1
596	1
597	1
598	0
599	1
600	0
601	1
602	1
603	0
604	1
605	1
606	1
607	0
608	0
609	1
610	1
611	0
612	0
613	0
614	0
615	0
616	1
617	1
618	1
619	1
620	1
621	1
622	1
623	0
624	0
625	1
626	0
627	1
628	0
629	1
630	0
631	1
632	0
633	1
634	1
635	1
636	1
637	0
638	1
639	1
640	1
641	1
642	1
643	0
644	1
645	1
646	0
647	1
648	0
649	1
650	1
651	0
652	0
653	1
654	1
655	0
656	1
657	1
658	0
659	1
660	1
661	0
662	0
663	1
664	0
665	1
666	1
667	0
668	1
669	1
670	1
671	1
672	1
673	1
674	1
675	1
676	1
677	1
678	0
679	0
680	1
681	1
682	0
683	1
684	0
685	1
686	1
687	1
688	1
689	1
690	0
691	0
692	1
693	1
694	1
695	1
696	0
697	1
698	1
699	1
700	1
701	1
702	0
703	0
704	1
705	1
706	1
707	1
708	1
709	1
710	0
711	0
712	1
713	1
714	0
715	0
716	1
717	0
718	1
719	1
720	1
721	0
722	0
723	1
724	0
725	1
726	0
727	1
728	0
729	1
730	1
731	1
732	1
733	1
734	1
735	0
736	0
737	1
738	1
739	0
740	0
741	0
742	1
743	1
744	1
745	0
746	0
747	1
748	0
749	1
750	1
751	1
752	1
753	1
754	1
755	1
756	1
757	0
758	1
759	1
760	1
761	0
762	1
763	0
764	1
765	1
766	0
767	1
768	0
769	1
770	0
771	1
772	1
773	0
774	1
775	1
776	1
777	1
778	0
779	0
780	0
781	1
782	1
783	1
784	0
785	1
786	1
787	1
788	1
789	0
790	1
791	0
792	0
793	1
794	0
795	1
796	0
797	1
798	0
799	1
800	0
801	1
802	1
803	1
804	0
805	0
806	0
807	1
808	0
809	0
810	0
811	0
812	1
813	0
814	0
815	0
816	0
817	1
818	1
819	0
820	1
821	1
822	1
823	1
824	1
825	0
826	1
827	0
828	1
829	1
830	0
831	1
832	1
833	1
834	1
835	1
836	0
837	1
838	1
839	1
840	0
841	1
842	1
843	1
844	0
845	1
846	0
847	1
848	0
849	1
850	1
851	1
852	1
853	0
854	1
855	1
856	1
857	0
858	1
859	1
860	0
861	1
862	1
863	0
864	1
865	0
866	0
867	0
868	1
869	1
870	0
871	0
872	0
873	0
874	0
875	0
876	1
877	0
878	1
879	0
880	0
881	0
882	0
883	1
884	1
885	0
886	1
887	1
888	0
889	1
890	1
891	0
892	1
893	1
894	0
895	0
896	1
897	1
898	0
899	0
900	1
901	1
902	1
903	0
904	0
905	1
906	1
907	0
908	1
909	1
910	1
911	0
912	0
913	0
914	1
915	1
916	1
917	1
918	1
919	1
920	0
921	1
922	0
923	1
924	0
925	0
926	0
927	0
928	0
929	0
930	0
931	1
932	0
933	1
934	1
935	1
936	0
937	1
938	1
939	0
940	0
941	1
942	0
943	0
944	0
945	0
946	1
947	0
948	1
949	1
950	1
951	0
952	0
953	0
954	1
955	0
956	1
957	1
958	1
959	0
960	1
961	1
962	0
963	1
964	0
965	1
966	0
967	0
968	0
969	0
970	1
971	1
972	0
973	1
974	0
975	1
976	0
977	0
978	1
979	1
980	0
981	0
982	1
983	1
984	1
985	1
986	1
987	1
988	1
989	1
990	0
991	0
992	1
993	0
994	0
995	0
996	0
997	1
998	0
999	1
1000	1
1001	1
1002	1
1003	1
1004	1
1005	1
1006	1
1007	1
1008	0
1009	1
1010	1
1011	1
1012	1
1013	0
1014	0
1015	1
1016	1
1017	1
1018	1
1019	0
1020	0
1021	0
1022	1
1023	0
1024	0
1025	1
1026	0
1027	0
1028	0
1029	1
1030	1
1031	1
1032	0
1033	0
1034	1
1035	1
1036	1
1037	1
1038	0
1039	1
1040	1
1041	1
1042	1
1043	1
1044	1
1045	1
1046	0
1047	1
1048	1
1049	0
1050	1
1051	1
1052	0
1053	1
1054	1
1055	1
1056	1
1057	0
1058	0
1059	0
1060	1
1061	1
1062	1
1063	1
1064	0
1065	1
1066	1
1067	1
1068	1
1069	1
1070	0
1071	1
1072	1
1073	1
1074	1
1075	0
1076	1
1077	0
1078	1
1079	1
1080	1
1081	0
1082	0
1083	0
1084	1
1085	0
1086	1
1087	0
1088	0
1089	0
1090	1
1091	0
1092	1
1093	1
1094	1
1095	1
1096	0
1097	1
1098	1
1099	1
1100	0
1101	0
1102	1
1103	0
1104	0
1105	0
1106	1
1107	1
1108	1
1109	1
1110	1
1111	1
1112	0
1113	1
1114	1
1115	1
1116	0
1117	0
1118	0
1119	0
1120	1
1121	0
1122	0
1123	1
1124	1
1125	1
1126	1
1127	0
1128	1
1129	1
1130	0
1131	1
1132	0
1133	0
1134	0
1135	1
1136	1
1137	0
1138	1
1139	1
1140	1
1141	1
1142	1
1143	1
1144	1
1145	1
1146	1
1147	1
1148	1
1149	1
1150	1
1151	1
1152	1
1153	0
1154	1
1155	0
1156	0
1157	1
1158	1
1159	1
1160	0
1161	0
1162	1
1163	0
1164	0
1165	0
1166	1
1167	0
1168	0
1169	1
1170	1
1171	0
1172	0
1173	0
1174	1
1175	1
1176	0
1177	0
1178	0
1179	1
1180	0
1181	0
1182	1
1183	1
1184	1
1185	0
1186	0
1187	0
1188	1
1189	1
1190	1
1191	1
1192	0
1193	1
1194	1
1195	0
1196	1
1197	1
1198	1
1199	1
1200	1
1201	1
1202	1
1203	1
1204	1
1205	1
1206	0
1207	0
1208	1
1209	0
1210	0
1211	1
1212	1
1213	1
1214	0
1215	0
1216	1
1217	0
1218	1
1219	0
1220	1
1221	1
1222	1
1223	1
1224	1
1225	1
1226	1
1227	0
1228	1
1229	0
1230	0
1231	1
1232	1
1233	1
1234	0
1235	1
1236	1
1237	0
1238	0
1239	0
1240	0
1241	0
1242	1
1243	0
1244	1
1245	1
1246	1
1247	0
1248	1
1249	1
1250	1
1251	1
1252	0
1253	0
1254	0
1255	0
1256	1
1257	1
1258	1
1259	0
1260	0
1261	1
1262	1
1263	0
1264	0
1265	0
1266	0
1267	0
1268	1
1269	0
1270	1
1271	0
1272	0
1273	1
1274	1
1275	1
1276	1
1277	1
1278	1
1279	0
1280	0
1281	0
1282	1
1283	1
1284	1
1285	0
1286	0
1287	0
1288	0
1289	0
1290	0
1291	0
1292	0
1293	1
1294	1
1295	0
1296	1
1297	0
1298	1
1299	1
1300	1
1301	1
1302	1
1303	1
1304	0
1305	1
1306	1
1307	1
1308	1
1309	0
1310	1
1311	1
1312	0
1313	1
1314	1
1315	0
1316	1
1317	0
1318	1
1319	0
1320	0
1321	1
1322	0
1323	0
1324	0
1325	1
1326	0
1327	0
1328	1
1329	1
1330	1
1331	1
1332	0
1333	1
1334	0
1335	0
1336	1
1337	0
1338	1
1339	0
1340	1
1341	0
1342	1
1343	0
1344	1
1345	1
1346	0
1347	1
1348	0
1349	1
1350	1
1351	0
1352	0
1353	1
1354	1
1355	0
1356	1
1357	1
1358	1
1359	1
1360	0
1361	0
1362	0
1363	0
1364	1
1365	0
1366	0
1367	0
1368	1
1369	1
1370	1
1371	1
1372	0
1373	0
1374	0
1375	1
1376	1
1377	0
1378	0
1379	0
1380	1
1381	1
1382	0
1383	0
1384	0
1385	0
1386	1
1387	0
1388	1
1389	1
1390	0
1391	1
1392	1
1393	0
1394	1
1395	1
1396	1
1397	0
1398	0
1399	1
1400	0
1401	0
1402	1
1403	0
1404	1
1405	0
1406	0
1407	1
1408	0
1409	0
1410	1
1411	1
1412	0
1413	0
1414	0
1415	1
1416	0
1417	1
1418	0
1419	0
1420	0
1421	1
1422	0
1423	1
1424	1
1425	0
1426	1
1427	0
1428	0
1429	0
1430	1
1431	0
1432	1
1433	0
1434	0
1435	1
1436	0
1437	0
1438	0
1439	1
1440	0
1441	0
1442	1
1443	1
1444	0
1445	0
1446	0
1447	0
1448	0
1449	1
1450	1
1451	0
1452	0
1453	0
1454	0
1455	0
1456	0
1457	1
1458	1
1459	0
1460	0
1461	0
1462	0
1463	0
1464	0
1465	0
1466	1
1467	1
1468	0
1469	0
1470	0
1471	1
1472	0
1473	0
1474	1
1475	0
1476	0
1477	0
1478	1
1479	0
1480	0
1481	1
1482	0
1483	0
1484	0
1485	1
1486	0
1487	1
1488	1
1489	1
1490	1
1491	1
1492	1
1493	1
1494	1
1495	0
1496	0
1497	1
1498	1
1499	1
1500	0
1501	1
1502	1
1503	1
1504	1
1505	0
1506	0
1507	1
1508	1
1509	0
1510	1
1511	0
1512	1
1513	0
1514	0
1515	0
1516	0
1517	0
1518	0
1519	0
1520	0
1521	0
1522	0
1523	1
1524	0
1525	0
1526	0
1527	1
1528	1
1529	1
1530	0
1531	1
1532	0
1533	0
1534	0
1535	1
1536	1
1537	1
1538	0
1539	0
1540	1
1541	1
1542	1
1543	0
1544	0
1545	1
1546	0
1547	0
1548	1
1549	1
1550	0
1551	1
1552	0
1553	1
1554	1
1555	1
1556	1
1557	0
1558	0
1559	1
1560	1
1561	1
1562	0
1563	0
1564	1
1565	1
1566	1
1567	0
1568	1
1569	1
1570	0
1571	0
1572	1
1573	0
1574	0
1575	0
1576	1
1577	0
1578	1
1579	0
1580	1
1581	1
1582	0
1583	0
1584	0
1585	1
1586	0
1587	0
1588	0
1589	0
1590	0
1591	0
1592	0
1593	1
1594	0
1595	1
1596	0
1597	0
1598	0
1599	0
1600	0
1601	1
1602	0
1603	1
1604	0
1605	0
1606	1
1607	0
1608	0
1609	0
1610	0
1611	0
