0	1
1	1
2	0
3	1
4	1
5	1
6	1
7	0
8	1
9	1
10	1
11	1
12	1
13	0
14	1
15	0
16	0
17	0
18	0
19	1
20	0
21	1
22	1
23	0
24	1
25	1
26	1
27	0
28	1
29	1
30	0
31	1
32	0
33	1
34	0
35	0
36	0
37	0
38	1
39	0
40	1
41	0
42	0
43	0
44	0
45	0
46	0
47	1
48	1
49	1
50	0
51	1
52	1
53	0
54	0
55	0
56	1
57	1
58	1
59	1
60	0
61	0
62	1
63	0
64	0
65	1
66	0
67	1
68	0
69	0
70	0
71	1
72	1
73	1
74	0
75	1
76	0
77	1
78	1
79	1
80	1
81	1
82	0
83	0
84	1
85	1
86	0
87	0
88	1
89	1
90	1
91	0
92	1
93	1
94	1
95	1
96	1
97	0
98	1
99	1
100	0
101	0
102	1
103	0
104	1
105	1
106	0
107	0
108	0
109	1
110	1
111	1
112	0
113	0
114	1
115	0
116	0
117	1
118	0
119	1
120	1
121	0
122	1
123	1
124	1
125	1
126	1
127	1
128	1
129	1
130	1
131	1
132	1
133	1
134	0
135	1
136	1
137	0
138	1
139	1
140	1
141	1
142	1
143	1
144	0
145	0
146	0
147	1
148	0
149	0
150	1
151	1
152	1
153	1
154	0
155	0
156	1
157	0
158	0
159	1
160	1
161	1
162	0
163	0
164	1
165	1
166	0
167	0
168	1
169	1
170	0
171	1
172	1
173	0
174	1
175	1
176	1
177	0
178	1
179	1
180	0
181	1
182	1
183	0
184	1
185	1
186	0
187	0
188	1
189	1
190	1
191	1
192	0
193	0
194	0
195	0
196	0
197	1
198	1
199	0
200	0
201	1
202	1
203	1
204	1
205	1
206	1
207	1
208	1
209	1
210	0
211	0
212	1
213	0
214	0
215	0
216	1
217	0
218	1
219	0
220	0
221	0
222	1
223	0
224	0
225	1
226	0
227	1
228	1
229	1
230	0
231	1
232	1
233	1
234	0
235	0
236	0
237	1
238	1
239	1
240	1
241	1
242	1
243	0
244	1
245	1
246	0
247	1
248	0
249	0
250	0
251	1
252	1
253	1
254	1
255	0
256	1
257	0
258	0
259	0
260	0
261	1
262	0
263	0
264	1
265	1
266	0
267	0
268	1
269	0
270	0
271	1
272	0
273	1
274	1
275	1
276	0
277	0
278	0
279	1
280	0
281	0
282	0
283	0
284	1
285	1
286	1
287	0
288	0
289	1
290	1
291	0
292	1
293	0
294	1
295	1
296	1
297	1
298	0
299	0
300	0
301	0
302	1
303	1
304	1
305	1
306	0
307	0
308	0
309	0
310	1
311	1
312	1
313	0
314	1
315	0
316	0
317	1
318	0
319	0
320	1
321	1
322	0
323	1
324	0
325	1
326	1
327	0
328	0
329	0
330	1
331	1
332	1
333	0
334	1
335	1
336	1
337	1
338	0
339	0
340	1
341	1
342	0
343	1
344	0
345	0
346	1
347	1
348	1
349	1
350	0
351	0
352	0
353	1
354	1
355	0
356	1
357	0
358	1
359	1
360	0
361	1
362	0
363	0
364	1
365	1
366	1
367	0
368	1
369	1
370	1
371	1
372	1
373	1
374	1
375	0
376	0
377	1
378	1
379	0
380	1
381	1
382	1
383	0
384	0
385	1
386	0
387	1
388	1
389	1
390	1
391	1
392	1
393	1
394	0
395	1
396	0
397	1
398	1
399	1
400	0
401	1
402	1
403	1
404	1
405	0
406	0
407	0
408	1
409	1
410	1
411	1
412	1
413	1
414	1
415	1
416	1
417	1
418	0
419	0
420	1
421	0
422	0
423	1
424	1
425	0
426	0
427	0
428	0
429	0
430	1
431	1
432	1
433	0
434	1
435	0
436	1
437	0
438	0
439	0
440	0
441	1
442	1
443	1
444	0
445	1
446	0
447	1
448	0
449	0
450	0
451	0
452	1
453	0
454	0
455	1
456	0
457	1
458	0
459	1
460	1
461	1
462	1
463	0
464	0
465	1
466	0
467	0
468	1
469	0
470	0
471	0
472	1
473	1
474	0
475	1
476	1
477	1
478	0
479	0
480	1
481	1
482	0
483	0
484	0
485	0
486	0
487	0
488	0
489	0
490	0
491	1
492	0
493	1
494	0
495	0
496	1
497	1
498	1
499	1
500	1
501	0
502	1
503	0
504	0
505	1
506	0
507	0
508	1
509	0
510	1
511	1
512	1
513	0
514	1
515	1
516	0
517	1
518	1
519	1
520	0
521	1
522	1
523	1
524	1
525	0
526	1
527	1
528	0
529	1
530	0
531	1
532	0
533	1
534	1
535	0
536	1
537	1
538	1
539	1
540	0
541	1
542	0
543	1
544	1
545	0
546	1
547	1
548	1
549	1
550	1
551	1
552	1
553	0
554	1
555	1
556	1
557	0
558	0
559	0
560	1
561	0
562	1
563	1
564	0
565	1
566	1
567	1
568	0
569	0
570	1
571	1
572	1
573	0
574	1
575	1
576	1
577	0
578	1
579	0
580	1
581	1
582	0
583	0
584	1
585	0
586	1
587	1
588	1
589	1
590	0
591	0
592	1
593	1
594	0
595	1
596	1
597	1
598	1
599	1
600	0
601	0
602	0
603	1
604	1
605	0
606	1
607	0
608	0
609	0
610	1
611	1
612	0
613	1
614	0
615	0
616	0
617	1
618	1
619	1
620	1
621	0
622	0
623	1
624	0
625	1
626	0
627	0
628	0
629	0
630	0
631	1
632	0
633	1
634	0
635	1
636	0
637	0
638	0
639	1
640	1
641	0
642	1
643	1
644	0
645	0
646	0
647	1
648	0
649	0
650	1
651	1
652	0
653	0
654	1
655	1
656	1
657	1
658	1
659	1
660	1
661	0
662	0
663	1
664	1
665	1
666	1
667	1
668	1
669	1
670	1
671	0
672	0
673	0
674	0
675	1
676	0
677	1
678	1
679	0
680	1
681	1
682	0
683	1
684	0
685	0
686	0
687	1
688	1
689	1
690	0
691	1
692	1
693	0
694	0
695	0
696	0
697	0
698	1
699	0
700	0
701	0
702	1
703	0
704	0
705	1
706	1
707	0
708	1
709	1
710	1
711	0
712	0
713	0
714	0
715	1
716	0
717	0
718	0
719	1
720	1
721	1
722	0
723	1
724	0
725	1
726	0
727	1
728	1
729	1
730	0
731	1
732	1
733	0
734	0
735	1
736	0
737	1
738	1
739	0
740	1
741	0
742	1
743	1
744	1
745	1
746	1
747	1
748	0
749	1
750	1
751	1
752	1
753	0
754	0
755	1
756	1
757	1
758	1
759	1
760	0
761	1
762	0
763	1
764	1
765	1
766	1
767	1
768	0
769	1
770	1
771	1
772	1
773	1
774	1
775	1
776	1
777	1
778	1
779	1
780	1
781	1
782	0
783	1
784	1
785	1
786	1
787	0
788	1
789	1
790	0
791	1
792	1
793	1
794	1
795	0
796	1
797	1
798	1
799	1
800	1
801	1
802	1
803	0
804	0
805	0
806	1
807	1
808	1
809	1
810	1
811	1
812	1
813	1
814	1
815	1
816	0
817	1
818	0
819	1
820	1
821	0
822	0
823	1
824	0
825	0
826	0
827	1
828	1
829	1
830	0
831	1
832	1
833	0
834	0
835	1
836	1
837	1
838	1
839	1
840	1
841	1
842	0
843	1
844	0
845	1
846	0
847	1
848	1
849	1
850	1
851	1
852	1
853	0
854	1
855	1
856	1
857	0
858	1
859	0
860	0
861	1
862	0
863	0
864	0
865	1
866	1
867	0
868	1
869	1
870	1
871	0
872	1
873	1
874	1
875	1
876	0
877	1
878	1
879	1
880	1
881	1
882	1
883	1
884	1
885	0
886	0
887	0
888	1
889	1
890	1
891	1
892	1
893	1
894	1
895	1
896	1
897	0
898	1
899	1
900	1
901	0
902	0
903	0
904	0
905	1
906	1
907	1
908	1
909	1
910	0
911	1
912	1
913	1
914	0
915	0
916	1
917	0
918	1
919	0
920	1
921	1
922	1
923	1
924	0
925	1
926	0
927	1
928	1
929	1
930	1
931	0
932	0
933	1
934	0
935	0
936	1
937	1
938	1
939	1
940	1
941	0
942	1
943	1
944	1
945	1
946	0
947	1
948	0
949	0
950	1
951	1
952	0
953	1
954	1
955	0
956	0
957	0
958	0
959	1
960	0
961	0
962	1
963	1
964	1
965	1
966	1
967	0
968	1
969	0
970	0
971	1
972	0
973	0
974	1
975	0
976	0
977	0
978	1
979	1
980	1
981	1
982	1
983	1
984	1
985	1
986	1
987	0
988	1
989	1
990	0
991	0
992	0
993	0
994	0
995	0
996	1
997	1
998	0
999	1
1000	1
1001	1
1002	1
1003	1
1004	1
1005	1
1006	1
1007	1
1008	1
1009	1
1010	0
1011	1
1012	1
1013	0
1014	1
1015	1
1016	1
1017	1
1018	1
1019	1
1020	1
1021	0
1022	1
1023	1
1024	1
1025	1
1026	1
1027	0
1028	0
1029	0
1030	0
1031	0
1032	0
1033	0
1034	1
1035	1
1036	1
1037	0
1038	1
1039	0
1040	0
1041	1
1042	1
1043	1
1044	1
1045	0
1046	1
1047	0
1048	0
1049	0
1050	0
1051	0
1052	1
1053	0
1054	1
1055	1
1056	0
1057	0
1058	1
1059	1
1060	0
1061	1
1062	1
1063	1
1064	0
1065	0
1066	1
1067	1
1068	1
1069	1
1070	1
1071	1
1072	1
1073	1
1074	0
1075	0
1076	1
1077	1
1078	1
1079	0
1080	1
1081	0
1082	0
1083	0
1084	0
1085	0
1086	1
1087	1
1088	0
1089	0
1090	1
1091	0
1092	0
1093	1
1094	1
1095	1
1096	0
1097	0
1098	0
1099	0
1100	0
1101	0
1102	1
1103	1
1104	1
1105	0
1106	0
1107	1
1108	1
1109	1
1110	1
1111	1
1112	1
1113	1
1114	0
1115	0
1116	0
1117	0
1118	0
1119	0
1120	1
1121	0
1122	1
1123	0
1124	0
1125	0
1126	0
1127	1
1128	1
1129	1
1130	1
1131	0
1132	0
1133	1
1134	1
1135	0
1136	1
1137	1
1138	0
1139	0
1140	0
1141	0
1142	1
1143	1
1144	1
1145	0
1146	0
1147	1
1148	0
1149	1
1150	1
1151	0
1152	1
1153	1
1154	0
1155	1
1156	1
1157	0
1158	0
1159	1
1160	1
1161	0
1162	0
1163	0
1164	1
1165	0
1166	1
1167	0
1168	1
1169	1
1170	1
1171	1
1172	1
1173	0
1174	1
1175	1
1176	1
1177	1
1178	1
1179	0
1180	1
1181	0
1182	1
1183	1
1184	0
1185	0
1186	0
1187	1
1188	1
1189	1
1190	1
1191	1
1192	1
1193	1
1194	1
1195	1
1196	1
1197	0
1198	0
1199	1
1200	1
1201	1
1202	0
1203	0
1204	1
1205	1
1206	1
1207	1
1208	0
1209	1
1210	0
1211	0
1212	1
1213	0
1214	1
1215	1
1216	0
1217	0
1218	1
1219	0
1220	1
1221	1
1222	1
1223	1
1224	0
1225	0
1226	1
1227	0
1228	1
1229	1
1230	0
1231	0
1232	0
1233	1
1234	0
1235	0
1236	0
1237	0
1238	0
1239	1
1240	1
1241	1
1242	1
1243	1
1244	1
1245	0
1246	0
1247	0
1248	0
1249	1
1250	1
1251	0
1252	1
1253	1
1254	1
1255	0
1256	1
1257	1
1258	0
1259	0
1260	0
1261	0
1262	0
1263	1
1264	1
1265	1
1266	1
1267	1
1268	0
1269	1
1270	1
1271	1
1272	0
1273	1
1274	0
1275	1
1276	0
1277	1
1278	1
1279	1
1280	0
1281	1
1282	1
1283	0
1284	0
1285	0
1286	1
1287	1
1288	1
1289	0
1290	0
1291	0
1292	0
1293	1
1294	0
1295	1
1296	1
1297	1
1298	1
1299	0
1300	1
1301	0
1302	0
1303	0
1304	1
1305	1
1306	0
1307	0
1308	0
1309	0
1310	1
1311	0
1312	1
1313	1
1314	1
1315	0
1316	1
1317	0
1318	1
1319	1
1320	0
1321	1
1322	1
1323	1
1324	0
1325	1
1326	0
1327	1
1328	1
1329	1
1330	1
1331	1
1332	0
1333	0
1334	1
1335	1
1336	1
1337	1
1338	1
1339	0
1340	1
1341	0
1342	1
1343	1
1344	1
1345	1
1346	0
1347	1
1348	1
1349	1
1350	1
1351	1
1352	1
1353	0
1354	0
1355	1
1356	1
1357	1
1358	1
1359	0
1360	1
1361	1
1362	1
1363	0
1364	0
1365	1
1366	1
1367	1
1368	1
1369	1
1370	0
1371	1
1372	1
1373	1
1374	0
1375	0
1376	1
1377	0
1378	0
1379	1
1380	0
1381	0
1382	1
1383	0
1384	1
1385	1
1386	1
1387	1
1388	1
1389	1
1390	1
1391	0
1392	1
1393	1
1394	1
1395	0
1396	0
1397	0
1398	0
1399	1
1400	1
1401	0
1402	0
1403	1
1404	1
1405	1
1406	1
1407	0
1408	0
1409	0
1410	1
1411	0
1412	0
1413	1
1414	1
1415	1
1416	0
1417	0
1418	1
1419	0
1420	1
1421	1
1422	0
1423	0
1424	0
1425	0
1426	1
1427	1
1428	0
1429	0
1430	1
1431	1
1432	0
1433	1
1434	1
1435	0
1436	0
1437	1
1438	0
1439	1
1440	1
1441	0
1442	1
1443	1
1444	0
1445	0
1446	1
1447	0
1448	1
1449	1
1450	1
1451	1
1452	1
1453	0
1454	1
1455	0
1456	1
1457	0
1458	1
1459	0
1460	1
1461	0
1462	1
1463	0
1464	0
1465	0
1466	0
1467	0
1468	1
1469	0
1470	0
1471	1
1472	0
1473	1
1474	1
1475	1
1476	0
1477	1
1478	1
1479	0
1480	1
1481	0
1482	0
1483	0
1484	1
1485	1
1486	1
1487	1
1488	0
1489	0
1490	0
1491	0
1492	0
1493	1
1494	1
1495	0
1496	1
1497	0
1498	0
1499	0
1500	1
1501	1
1502	1
1503	1
1504	1
1505	0
1506	1
1507	1
1508	1
1509	0
1510	0
1511	1
1512	1
1513	0
1514	0
1515	0
1516	1
1517	1
1518	1
1519	0
1520	0
1521	1
1522	0
1523	1
1524	1
1525	1
1526	0
1527	1
1528	1
1529	0
1530	0
1531	0
1532	1
1533	1
1534	0
1535	0
1536	0
1537	1
1538	1
1539	1
1540	0
1541	1
1542	0
1543	1
1544	1
1545	0
1546	1
1547	0
1548	1
1549	1
1550	1
1551	1
1552	0
1553	1
1554	0
1555	1
1556	0
1557	1
1558	0
1559	0
1560	1
1561	0
1562	1
1563	0
1564	1
1565	1
1566	0
1567	1
1568	1
1569	0
1570	1
1571	0
1572	1
1573	0
1574	1
1575	1
1576	0
1577	0
1578	1
1579	1
1580	0
1581	0
1582	0
1583	0
1584	0
1585	0
1586	1
1587	0
1588	1
1589	0
1590	0
1591	1
1592	1
1593	1
1594	1
1595	1
1596	0
1597	1
1598	1
1599	1
1600	0
1601	1
1602	0
1603	0
1604	1
1605	0
1606	0
1607	1
1608	1
1609	1
1610	0
1611	0
1612	1
1613	0
1614	1
1615	0
1616	0
1617	1
1618	0
1619	1
