04-01	0	1972	2162.1628264208907	2169.6774193548385	2248	0.9565217391304348	0.956989247311828	0.9565217391304348	1.0	88	5
04-02	0	1949	2177.84	2207.97032967033	2313	0.9166666666666666	0.89	0.9166666666666666	0.25	91	9
04-03	0	1276	844.650207125103	1147.4919240211916	1598	0.912621359223301	0.8309859154929577	0.912621359223301	0.6153846153846154	109	33
04-04	0	964	1070.9248951582163	1061.6219471395116	1029	0.9215686274509803	0.9016393442622951	0.9215686274509803	0.8	49	12
04-05	0	638	674.5250000000002	693.2857142857142	790	0.9444444444444444	0.925	0.9444444444444444	0.75	35	5
04-06	0	868	955.4523809523812	968.4999999999995	1105	0.9565217391304348	0.9583333333333334	0.9565217391304348	1.0	44	4
04-07	0	424	553.2000000000003	559.5483870967741	572	0.8571428571428571	0.8333333333333334	0.8571428571428571	0.0	31	5
04-08	0	373	237.00000000000006	278.7777777777776	424	1.0	0.8974358974358975	1.0	0.42857142857142855	36	3
04-09	0	588	548.9999999999997	527.4580645161292	496	0.9	0.825	0.9	0.6	31	9
04-10	0	923	1188.465578786334	1171.6929674099488	1128	0.8775510204081632	0.8679245283018868	0.8775510204081632	0.75	44	9
04-11	0	497	451.67532467532465	405.85026737967905	313	0.9375	0.8636363636363636	0.9375	0.6666666666666666	34	10
04-12	0	1573	1789.8243642814903	1822.5505617977526	2071	0.9418604651162791	0.9438202247191011	0.9418604651162791	1.0	81	8
04-13	0	784	948.9616368286441	934.7826086956519	854	0.925	0.9347826086956522	0.925	1.0	37	9
04-14	0	1204	1590.0628930817602	1603.1111111111113	1646	0.8840579710144928	0.8888888888888888	0.8840579710144928	1.0	61	11
04-15	0	1825	2737.7030303030306	2395.740115440116	2092	0.7946428571428571	0.7642857142857142	0.7946428571428571	0.6428571428571429	99	41
04-16	0	1486	1611.3333333333333	1647.1414634146333	1736	0.9058823529411765	0.87	0.9058823529411765	0.6666666666666666	82	18
04-17	0	1090	1501.2194767441865	1436.0625	1235	0.8771929824561403	0.890625	0.8771929824561403	1.0	50	14
04-18	0	1649	2006.3846153846155	1997.153846153847	1975	0.8823529411764706	0.8571428571428571	0.8823529411764706	0.5	78	13
04-19	0	1042	1035.4406779661015	1048.3163841807914	1212	0.9814814814814815	0.9661016949152542	0.9814814814814815	0.8	54	5
04-20	0	834	819.9639934533551	846.7303315190502	970	0.9534883720930233	0.9148936170212766	0.9534883720930233	0.5	43	4
04-21	0	2233	2278.78168732507	2196.195114111218	2045	0.9019607843137255	0.8360655737704918	0.9019607843137255	0.5	102	20
04-22	0	1711	1395.8565340091009	1428.5713966480441	1476	0.907563025210084	0.8435754189944135	0.907563025210084	0.7166666666666667	125	54
04-23	0	830	912.5301379811178	1012.0406212664273	1226	0.8923076923076924	0.8641975308641975	0.8923076923076924	0.75	62	19
04-24	0	374	273.73519163763063	332.02582496413197	449	0.9375	0.8536585365853658	0.9375	0.5555555555555556	34	7
04-25	0	312	444.3829787234043	336.51063829787233	245	0.8125	0.7872340425531915	0.8125	0.7333333333333333	30	17
04-26	0	299	384.0276923076923	388.5487179487179	399	0.8787878787878788	0.8717948717948718	0.8787878787878788	0.8333333333333334	30	9
04-27	0	455	489.4115082824759	494.18918918918916	568	0.9696969696969697	0.972972972972973	0.9696969696969697	1.0	32	5
04-28	0	263	161.91111111111118	189.7192982456139	232	0.9411764705882353	0.8333333333333334	0.9411764705882353	0.5714285714285714	38	10
04-29	0	1360	2758.7111650485467	2637.954142011833	2556	0.764102564102564	0.7708333333333334	0.764102564102564	0.7849462365591398	169	119
04-30	0	1954	3442.1283077824423	3227.664933083698	2978	0.7987804878048781	0.8086124401913876	0.7987804878048781	0.8444444444444444	138	71
05-01	0	1516	2189.524602739727	2109.315235955056	1930	0.8613861386138614	0.872	0.8613861386138614	0.9166666666666666	89	36
05-02	0	861	1179.1200000000001	1155.2162962962966	1123	0.8333333333333334	0.8133333333333334	0.8333333333333334	0.7333333333333333	54	21
05-03	0	653	929.0437665782488	893.8076923076924	840	0.8372093023255814	0.8269230769230769	0.8372093023255814	0.7777777777777778	38	14
05-04	0	926	871.1122994652405	880.8324084350722	902	0.9230769230769231	0.8676470588235294	0.9230769230769231	0.6875	53	15
05-05	0	651	808.3600000000004	727.7200000000001	551	0.8888888888888888	0.88	0.8888888888888888	0.8571428571428571	34	16
05-06	0	-883	-2187.322211099989	-1877.382661349874	-1598	0.8734177215189873	0.8153153153153153	0.8734177215189873	0.7832167832167832	100	122
05-07	0	12	-127.55555555555566	-69.21413721413717	0	0.8974358974358975	0.8717948717948718	0.8974358974358975	0.8461538461538461	41	37
05-08	0	297	100.95176252319072	201.25355596784163	274	0.8666666666666667	0.7755102040816326	0.8666666666666667	0.631578947368421	33	16
05-09	0	381	318.085817524842	360.6067073170732	463	0.9354838709677419	0.8780487804878049	0.9354838709677419	0.7	32	9
05-10	0	327	308.26500000000004	287.84558823529403	264	0.8787878787878788	0.8125	0.8787878787878788	0.6666666666666666	34	14
05-11	0	1592	1523.824000000001	1565.546883468834	1777	0.9629629629629629	0.9222222222222223	0.9629629629629629	0.5555555555555556	82	8
05-12	0	487	574.4285714285716	586.9999999999998	675	0.9375	0.9459459459459459	0.9375	1.0	30	7
05-13	0	-1931	-3029.4306220095696	-2905.268277177369	-2749	0.8333333333333334	0.8264462809917356	0.8333333333333334	0.8238636363636364	86	156
05-14	0	-280	-405.89393939393904	-127.03535353535369	100	0.8260869565217391	0.8295454545454546	0.8260869565217391	0.8333333333333334	45	43
05-15	0	211	245.2916666666672	-1.8518518518519045	-150	0.8333333333333334	0.7962962962962963	0.8333333333333334	0.7666666666666667	27	27
05-16	0	372	314.6280542986424	114.21758241758243	-22	0.90625	0.8307692307692308	0.90625	0.7575757575757576	37	28
05-17	0	588	844.2631578947367	771.8947368421054	679	0.8333333333333334	0.8245614035087719	0.8333333333333334	0.8	38	19
05-18	0	1507	1516.1949423815627	1585.7772727272727	1845	0.9382716049382716	0.8977272727272727	0.9382716049382716	0.42857142857142855	80	8
05-19	0	772	782.889914304548	550.5221318879852	355	0.8627450980392157	0.7926829268292683	0.8627450980392157	0.6774193548387096	54	28
05-20	0	-144	-2030.7812339595548	-1551.4946505804687	-1274	0.9142857142857143	0.7853403141361257	0.9142857142857143	0.7107438016528925	99	92
05-21	0	523	-413.02062741727514	-245.91300877893013	-174	0.872093023255814	0.7877094972067039	0.872093023255814	0.7096774193548387	102	77
05-22	0	508	656.9230769230776	501.23076923076906	373	0.825	0.8	0.825	0.76	39	26
05-23	0	1756	1792.8909090909078	1897.1647058823532	2204	0.9230769230769231	0.8833333333333333	0.9230769230769231	0.625	102	18
05-24	0	260	199.86199846664977	159.82569154982943	114	0.9056603773584906	0.8351648351648352	0.9056603773584906	0.7368421052631579	58	33
05-25	0	285	167.71895424836595	206.8702865761689	239	0.8857142857142857	0.7647058823529411	0.8857142857142857	0.5	39	12
05-26	0	233	199.74074074074082	125.580808080808	66	0.875	0.8055555555555556	0.875	0.71875	44	28
05-27	0	195	-267.48000000000025	-192.5999999999999	-158	1.0	0.8	1.0	0.65625	34	21
05-28	0	548	546.1439393939394	549.4244186046512	554	0.8837209302325582	0.84375	0.8837209302325582	0.7619047619047619	43	21
05-29	0	254	73.51461988304095	97.86196623634572	115	0.9090909090909091	0.7763157894736842	0.9090909090909091	0.59375	53	23
05-30	0	228	213.60000000000002	179.28000000000003	119	0.9166666666666666	0.875	0.9166666666666666	0.8125	50	30
05-31	0	185	172.90476190476195	162.5966386554622	145	0.9090909090909091	0.8571428571428571	0.9090909090909091	0.75	34	15
